stages=16 pipelines=1 hop=11.3 ms prefill requests=3613 useful tokens=19,624,571 work tokens=23,207,900 (recompute 15.4%) budget_ms=78.3
split=[4, 4, 4, 4, 4, 4, 4, 4, 4, 4, 4, 4, 3, 3, 3, 3]
     W  policy     tok/s  fwd p50  fwd p99  fill % hot p50 ms hot p99 ms  stage utilisation
  4096    fcfs     15029    157.0    615.1    86.3       2839      10627  100  35  35  35  35  35  35  35  35  35  35  35  26  26  26  26
  4096    cost     14896     92.4    315.0    86.3       1741       5525  100  37  37  37  37  37  37  37  37  37  37  37  28  28  28  28
  8192    fcfs     15126    320.0   1187.7    86.3       5610      20360  100  33  33  33  33  33  33  33  33  33  33  33  25  25  25  25
  8192    cost     14896     92.4    315.0    86.3       1741       5525  100  37  37  37  37  37  37  37  37  37  37  37  28  28  28  28
split=[3, 4, 4, 4, 4, 4, 4, 4, 4, 4, 4, 4, 4, 3, 3, 3]
     W  policy     tok/s  fwd p50  fwd p99  fill % hot p50 ms hot p99 ms  stage utilisation
  4096    fcfs     16452    140.1    591.3    86.3       2552      10222  100  38  38  38  38  38  38  38  38  38  38  38  38  28  28  28
  4096    cost     16421     89.0    303.3    86.3       1682       5326  100  40  40  40  40  40  40  40  40  40  40  40  40  30  30  30
  8192    fcfs     16480    288.2   1144.2    86.3       5069      19621  100  36  36  36  36  36  36  36  36  36  36  36  36  27  27  27
  8192    cost     16421     89.0    303.3    86.3       1682       5326  100  40  40  40  40  40  40  40  40  40  40  40  40  30  30  30
split=[3, 3, 4, 4, 4, 4, 4, 4, 4, 4, 4, 4, 4, 4, 3, 3]
     W  policy     tok/s  fwd p50  fwd p99  fill % hot p50 ms hot p99 ms  stage utilisation
  4096    fcfs     16452    140.1    591.3    86.3       2552      10222  100  28  38  38  38  38  38  38  38  38  38  38  38  38  28  28
  4096    cost     16421     89.0    303.3    86.3       1682       5326  100  30  40  40  40  40  40  40  40  40  40  40  40  40  30  30
  8192    fcfs     16480    288.2   1144.2    86.3       5069      19621  100  27  36  36  36  36  36  36  36  36  36  36  36  36  27  27
  8192    cost     16421     89.0    303.3    86.3       1682       5326  100  30  40  40  40  40  40  40  40  40  40  40  40  40  30  30
