stages=16 pipelines=1 hop=15.0 ms prefill requests=3613 useful tokens=19,624,571 work tokens=23,207,900 (recompute 15.4%) budget_ms=75.0
split=[4, 4, 4, 4, 4, 4, 4, 4, 4, 4, 4, 4, 3, 3, 3, 3]
     W  policy     tok/s  fwd p50  fwd p99  fill % hot p50 ms hot p99 ms  stage utilisation
  4096    fcfs     15028    157.0    615.1    86.3       2894      10682  100  35  35  35  35  35  35  35  35  35  35  35  26  26  26  26
  4096    cost     14891     91.0    314.7    86.3       1772       5576  100  37  37  37  37  37  37  37  37  37  37  37  28  28  28  28
  8192    fcfs     15126    320.0   1187.7    86.3       5665      20416  100  33  33  33  33  33  33  33  33  33  33  33  25  25  25  25
  8192    cost     14891     91.0    314.7    86.3       1772       5576  100  37  37  37  37  37  37  37  37  37  37  37  28  28  28  28
split=[3, 4, 4, 4, 4, 4, 4, 4, 4, 4, 4, 4, 4, 3, 3, 3]
     W  policy     tok/s  fwd p50  fwd p99  fill % hot p50 ms hot p99 ms  stage utilisation
  4096    fcfs     16452    140.1    591.3    86.3       2607      10277  100  38  38  38  38  38  38  38  38  38  38  38  38  28  28  28
  4096    cost     16419     87.7    302.7    86.3       1717       5370  100  40  40  40  40  40  40  40  40  40  40  40  40  30  30  30
  8192    fcfs     16479    288.2   1144.2    86.3       5124      19676  100  36  36  36  36  36  36  36  36  36  36  36  36  27  27  27
  8192    cost     16419     87.7    302.7    86.3       1717       5370  100  40  40  40  40  40  40  40  40  40  40  40  40  30  30  30
split=[3, 3, 4, 4, 4, 4, 4, 4, 4, 4, 4, 4, 4, 4, 3, 3]
     W  policy     tok/s  fwd p50  fwd p99  fill % hot p50 ms hot p99 ms  stage utilisation
  4096    fcfs     16452    140.1    591.3    86.3       2607      10277  100  28  38  38  38  38  38  38  38  38  38  38  38  38  28  28
  4096    cost     16419     87.7    302.7    86.3       1717       5370  100  30  40  40  40  40  40  40  40  40  40  40  40  40  30  30
  8192    fcfs     16479    288.2   1144.2    86.3       5124      19676  100  27  36  36  36  36  36  36  36  36  36  36  36  36  27  27
  8192    cost     16419     87.7    302.7    86.3       1717       5370  100  30  40  40  40  40  40  40  40  40  40  40  40  40  30  30
