scen  pass         W policy   tok/s  fwd p50  fwd p99  hot p50  hot p99 <=1.5s  best split  (stage utilisation)
L-a   hop15     4096 fcfs     24683    110.3    381.2     1098     3536     no  [3, 9, 8, 8, 8, 8, 8, 8]  (98 98 87 87 87 87 87 87)
L-a   hop15     4096 cost     24539    121.1    197.9     1195     1886     no  [3, 9, 8, 8, 8, 8, 8, 8]  (97 98 87 87 87 87 87 87)
L-a   hop15     8192 fcfs     25082    207.7    736.8     1975     6737     no  [3, 9, 8, 8, 8, 8, 8, 8]  (99 93 82 82 82 82 82 82)
L-a   hop15     8192 cost     24845    148.0    198.3     1437     1890     no  [3, 9, 8, 8, 8, 8, 8, 8]  (98 97 86 86 86 86 86 86)
L-a   measured  4096 fcfs     24685    110.3    381.2     1052     3490     no  [3, 9, 8, 8, 8, 8, 8, 8]  (98 98 87 87 87 87 87 87)
L-a   measured  4096 cost     24564    121.9    197.9     1156     1841     no  [3, 9, 8, 8, 8, 8, 8, 8]  (97 98 87 87 87 87 87 87)
L-a   measured  8192 fcfs     25084    207.7    736.8     1929     6691     no  [3, 9, 8, 8, 8, 8, 8, 8]  (99 93 82 82 82 82 82 82)
L-a   measured  8192 cost     24881    154.2    198.7     1447     1848     no  [3, 9, 8, 8, 8, 8, 8, 8]  (98 97 86 86 86 86 86 86)
L-b   hop15     4096 fcfs     39524    283.5    736.9     1463     3729     no  [9, 17, 17, 17]  (95 98 98 98)
L-b   hop15     4096 cost     38902    277.8    382.6     1434     1958     no  [9, 17, 17, 17]  (94 98 98 98)
L-b   hop15     8192 fcfs     40981    535.6   1409.2     2723     7091     no  [9, 17, 17, 17]  (96 96 96 96)
L-b   hop15     8192 cost     38455    277.5    382.6     1432     1958     no  [9, 17, 17, 17]  (94 98 98 98)
L-b   measured  4096 fcfs     39525    283.5    736.9     1452     3718     no  [9, 17, 17, 17]  (95 98 98 98)
L-b   measured  4096 cost     38957    278.8    382.6     1428     1947     no  [9, 17, 17, 17]  (94 98 98 98)
L-b   measured  8192 fcfs     40982    535.6   1409.2     2712     7080     no  [9, 17, 17, 17]  (96 96 96 96)
L-b   measured  8192 cost     38509    278.8    382.6     1428     1947     no  [9, 17, 17, 17]  (94 98 98 98)
L-c   hop15     4096 fcfs     16452    140.1    591.3     2607    10277     no  [3, 4, 4, 4, 4, 4, 4, 4, 4, 4, 4, 4, 4, 3, 3, 3]  (100 38 38 38 38 38 38 38 38 38 38 38 38 28 28 28)
L-c   hop15     4096 cost     16419     87.7    302.7     1717     5370     no  [3, 4, 4, 4, 4, 4, 4, 4, 4, 4, 4, 4, 4, 3, 3, 3]  (100 40 40 40 40 40 40 40 40 40 40 40 40 30 30 30)
L-c   hop15     8192 fcfs     16479    288.2   1144.2     5124    19676     no  [3, 4, 4, 4, 4, 4, 4, 4, 4, 4, 4, 4, 4, 3, 3, 3]  (100 36 36 36 36 36 36 36 36 36 36 36 36 27 27 27)
L-c   hop15     8192 cost     16419     87.7    302.7     1717     5370     no  [3, 4, 4, 4, 4, 4, 4, 4, 4, 4, 4, 4, 4, 3, 3, 3]  (100 40 40 40 40 40 40 40 40 40 40 40 40 30 30 30)
L-c   measured  4096 fcfs     16452    140.1    591.3     2552    10222     no  [3, 4, 4, 4, 4, 4, 4, 4, 4, 4, 4, 4, 4, 3, 3, 3]  (100 38 38 38 38 38 38 38 38 38 38 38 38 28 28 28)
L-c   measured  4096 cost     16421     89.0    303.3     1682     5326     no  [3, 4, 4, 4, 4, 4, 4, 4, 4, 4, 4, 4, 4, 3, 3, 3]  (100 40 40 40 40 40 40 40 40 40 40 40 40 30 30 30)
L-c   measured  8192 fcfs     16480    288.2   1144.2     5069    19621     no  [3, 4, 4, 4, 4, 4, 4, 4, 4, 4, 4, 4, 4, 3, 3, 3]  (100 36 36 36 36 36 36 36 36 36 36 36 36 27 27 27)
L-c   measured  8192 cost     16421     89.0    303.3     1682     5326     no  [3, 4, 4, 4, 4, 4, 4, 4, 4, 4, 4, 4, 4, 3, 3, 3]  (100 40 40 40 40 40 40 40 40 40 40 40 40 30 30 30)
L-d   hop15     4096 fcfs     26980    404.4    905.7     1228     2732     no  [27, 33]  (99 99)
L-d   hop15     4096 cost     26911    423.9    493.9     1287     1497    yes  [27, 33]  (99 99)
L-d   hop15     8192 fcfs     28681    762.1   1740.7     2301     5237     no  [27, 33]  (99 98)
L-d   hop15     8192 cost     27115    443.9    494.6     1347     1499    yes  [27, 33]  (99 99)
L-d   measured  4096 fcfs     26980    404.4    905.7     1222     2725     no  [27, 33]  (99 99)
L-d   measured  4096 cost     26916    425.1    496.2     1284     1497    yes  [27, 33]  (99 99)
L-d   measured  8192 fcfs     28681    762.1   1740.7     2295     5231     no  [27, 33]  (99 98)
L-d   measured  8192 cost     27146    446.6    496.7     1348     1499    yes  [27, 33]  (99 99)

best configuration meeting hot p99 <= 1.5 s, per scenario and hop pass:
  L-d (4 x independent 2-stage SP=4 galaxies), hop15: 27115 tok/s  W=8192 cost  hot p50/p99 1347/1499 ms  split [27, 33]
  L-d (4 x independent 2-stage SP=4 galaxies), measured: 27146 tok/s  W=8192 cost  hot p50/p99 1348/1499 ms  split [27, 33]
