# per-core span maps, idea block_to_core_mapping, WH B0 n150 8x8, focus shape [1,1,32,16384] bf16 RM DRAM -> TILE DRAM
# generated by percore_map.py from generated/profiler/reports/<ts>/profile_log_device.csv (raw CSVs deleted: 2-17 MB each)

##################### baseline_focus #####################
================ run host ID 4096 ================

--- NCRISC: 64 cores | duration mean 5433 max 7947 (1.46x) | start spread 186 | end spread 5105 | wall(end max) 7997

  NCRISC DURATION ns
             0       1       2       3       4       5       6       7
  y=0      7271    7422    7409    7324    7156    7093    7104    7038
  y=1      7872    7934    7947    7913    7243    7199    7558    7515
  y=2      7452    7521    7271    7256    7203    7152    7169    6979
  y=3      6520    5970    6588    6348    5519    5344    5257    6540
  y=4      5563    5539    5444    5283    4257    4237    4023    3961
  y=5      4580    4456    4255    4063    3434    3396    3787    3624
  y=6      3835    3781    3765    3713    3693    3592    3284    3200
  y=7      2821    2832    3118    3096    3097    3100    2981    2814

  NCRISC START ns (rel)
             0       1       2       3       4       5       6       7
  y=0        90      13       0      29      12      56      43      96
  y=1       125      42      10      31      31      60      93     110
  y=2       131      14      44      40      54      79     104      68
  y=3       108      14      67      62      48     104     123     125
  y=4       129      84      62      53     113      71     120     130
  y=5       161      53      84      63      87     120     114     130
  y=6       186      86      70      87     120     110     161     126
  y=7       179      60      98     107     138     124     148     157

  NCRISC END ns (rel)
             0       1       2       3       4       5       6       7
  y=0      7361    7435    7409    7353    7168    7149    7147    7134
  y=1      7997    7976    7957    7944    7274    7259    7651    7625
  y=2      7583    7535    7315    7296    7257    7231    7273    7047
  y=3      6628    5984    6655    6410    5567    5448    5380    6665
  y=4      5692    5623    5506    5336    4370    4308    4143    4091
  y=5      4741    4509    4339    4126    3521    3516    3901    3754
  y=6      4021    3867    3835    3800    3813    3702    3445    3326
  y=7      3000    2892    3216    3203    3235    3224    3129    2971
    corr(duration, grid_row) = -0.94   corr(duration, grid_col) = -0.13
    corr(duration, start)    = -0.60
    [attention_focus] corr(duration, block_id) = -0.95  corr(duration, block_id%12) = +0.02  corr(duration, (8*block_id)%12) = +0.03
      duration by first-write bank (8b%12): 0:5360  4:5434  8:5508

--- BRISC: 64 cores | duration mean 9833 max 12753 (1.30x) | start spread 188 | end spread 7655 | wall(end max) 12870

  BRISC DURATION ns
             0       1       2       3       4       5       6       7
  y=0      9717   10000   10456   10417   10514   10234   10981    9547
  y=1     10982   11054   11109   11733   11521   12022   11432   10323
  y=2     11109   11331   11123   11883   12273   12547   12289    9449
  y=3     11318    8570   11145   12069   10354   12285   11867    8746
  y=4      8829    9001   10090   11922   12337    7514    7624    6995
  y=5      9040    9034    8642   11795   10803    7561   12149    6864
  y=6      7001    6640    7201    8170   12753   12524   11626    7075
  y=7      5027    5335    5819    6254   12255    8005    7400    5657

  BRISC START ns (rel)
             0       1       2       3       4       5       6       7
  y=0        90      12       0      28      14      53      40      94
  y=1       119      42      17      31      26      61      92     110
  y=2       131      11      41      41      48      78     106      66
  y=3       110      23      63      63      47     103     124     126
  y=4       131      86      62      48     118      82     117     130
  y=5       158      48      84      60      81     115     112     128
  y=6       184      86      71      81     117     110     155     124
  y=7       188      60     103     109     136     119     149     159

  BRISC END ns (rel)
             0       1       2       3       4       5       6       7
  y=0      9807   10012   10456   10445   10528   10287   11021    9641
  y=1     11101   11096   11126   11764   11547   12083   11524   10433
  y=2     11240   11342   11164   11924   12321   12625   12395    9515
  y=3     11428    8593   11208   12132   10401   12388   11991    8872
  y=4      8960    9087   10152   11970   12455    7596    7741    7125
  y=5      9198    9082    8726   11855   10884    7676   12261    6992
  y=6      7185    6726    7272    8251   12870   12634   11781    7199
  y=7      5215    5395    5922    6363   12391    8124    7549    5816
    corr(duration, grid_row) = -0.53   corr(duration, grid_col) = +0.07
    corr(duration, start)    = -0.36
    [attention_focus] corr(duration, block_id) = -0.51  corr(duration, block_id%12) = -0.01  corr(duration, (8*block_id)%12) = -0.01
      duration by first-write bank (8b%12): 0:9887  4:9752  8:9858

  marker budget: worst (core,RISC) = (1, 1) BRISC at 10/250

##################### reverse_focus #####################
================ run host ID 4096 ================

--- NCRISC: 64 cores | duration mean 5353 max 7751 (1.45x) | start spread 177 | end spread 5064 | wall(end max) 7808

  NCRISC DURATION ns
             0       1       2       3       4       5       6       7
  y=0      7704    7751    7308    7245    7404    7415    7472    7725
  y=1      7456    7476    7241    7213    7187    7459    7080    6689
  y=2      6972    7000    6937    6743    6565    6846    6553    6368
  y=3      6531    6607    6409    6379    4630    4982    5336    5622
  y=4      5570    5456    5106    5045    4366    4415    4288    4285
  y=5      4676    4675    4461    4352    4242    4283    4074    3877
  y=6      3682    3639    3600    3540    3310    3509    3349    3193
  y=7      2947    2967    3006    3101    2905    2955    2800    2598

  NCRISC START ns (rel)
             0       1       2       3       4       5       6       7
  y=0        67       6      13       2      41      84      65      83
  y=1        75       0      34      21      53      64      96      56
  y=2       100      31      40      51      48      63      74      59
  y=3       137      30      50      57      58      90      76     119
  y=4       147      54      42      62     117     115     149     144
  y=5       154      89     100      61      77     120     105     144
  y=6       177      93      82     109     122     111     154     151
  y=7       169      59      89     134     121     138     173     146

  NCRISC END ns (rel)
             0       1       2       3       4       5       6       7
  y=0      7771    7757    7321    7247    7445    7499    7537    7808
  y=1      7531    7476    7275    7234    7240    7523    7176    6745
  y=2      7072    7031    6977    6794    6613    6909    6627    6427
  y=3      6668    6637    6459    6436    4688    5072    5412    5741
  y=4      5717    5510    5148    5107    4483    4530    4437    4429
  y=5      4830    4764    4561    4413    4319    4403    4179    4021
  y=6      3859    3732    3682    3649    3432    3620    3503    3344
  y=7      3116    3026    3095    3235    3026    3093    2973    2744
    corr(duration, grid_row) = -0.97   corr(duration, grid_col) = -0.14
    corr(duration, start)    = -0.71
    [attention_focus] corr(duration, block_id) = +0.98  corr(duration, block_id%12) = +0.05  corr(duration, (8*block_id)%12) = -0.01
      duration by first-write bank (8b%12): 0:5350  4:5402  8:5307

--- BRISC: 64 cores | duration mean 9477 max 12444 (1.31x) | start spread 179 | end spread 7317 | wall(end max) 12557

  BRISC DURATION ns
             0       1       2       3       4       5       6       7
  y=0     10480   10579   10488   10138    9794   11152   10994   10035
  y=1     11278   10438   10928   10661   10798   11473   11592    9716
  y=2     11285   10669   11227   10635   10974   12005   11619    9528
  y=3     11374   10956   11278   10840    7947   11699   11813    8639
  y=4      8017    8605   11334    7690    8444   11961   11575    7461
  y=5      7509    7739    8444    8003   10354   12361   11826    6797
  y=6      6852    6453    6777    7754   10692   12444   11991    5726
  y=7      5556    5410    5935    7244    6134    6201    5094    5095

  BRISC START ns (rel)
             0       1       2       3       4       5       6       7
  y=0        62       1      15       7      43      79      64      78
  y=1        77       0      37      20      63      66      97      55
  y=2        98      33      38      47      46      61      72      61
  y=3       139      23      48      50      56      99      77     121
  y=4       157      54      40      63     118     113     156     146
  y=5       155      83     101      60      72     117     104     154
  y=6       178      96      77     117     124     113     157     146
  y=7       170      57      91     137     124     138     179     145

  BRISC END ns (rel)
             0       1       2       3       4       5       6       7
  y=0     10542   10580   10503   10145    9837   11231   11058   10113
  y=1     11355   10438   10965   10681   10861   11539   11689    9771
  y=2     11383   10702   11265   10682   11020   12066   11691    9589
  y=3     11513   10979   11326   10890    8003   11798   11890    8760
  y=4      8174    8659   11374    7753    8562   12074   11731    7607
  y=5      7664    7822    8545    8063   10426   12478   11930    6951
  y=6      7030    6549    6854    7871   10816   12557   12148    5872
  y=7      5726    5467    6026    7381    6258    6339    5273    5240
    corr(duration, grid_row) = -0.64   corr(duration, grid_col) = +0.08
    corr(duration, start)    = -0.43
    [attention_focus] corr(duration, block_id) = +0.62  corr(duration, block_id%12) = +0.17  corr(duration, (8*block_id)%12) = -0.00
      duration by first-write bank (8b%12): 0:9472  4:9501  8:9457

  marker budget: worst (core,RISC) = (1, 1) BRISC at 10/250

##################### bitrev_focus #####################
================ run host ID 4096 ================

--- NCRISC: 64 cores | duration mean 5526 max 7879 (1.43x) | start spread 201 | end spread 5164 | wall(end max) 7931

  NCRISC DURATION ns
             0       1       2       3       4       5       6       7
  y=0      7537    7555    7879    7471    7636    7663    7598    7585
  y=1      7561    7680    7609    7438    7315    7319    7001    6698
  y=2      7291    7085    7085    7041    7201    7215    6960    6895
  y=3      6212    6036    6000    5286    5958    5967    6080    5894
  y=4      6114    6158    5862    5834    4339    4355    4221    4175
  y=5      5510    5523    5190    4927    3812    3824    3948    3738
  y=6      4119    4117    4048    3848    3560    3507    3647    3209
  y=7      3128    2984    2802    2707    2611    2587    2723    2773

  NCRISC START ns (rel)
             0       1       2       3       4       5       6       7
  y=0       120      74      52       0      81      86      96     140
  y=1       147      15      68      20      66      87     123     138
  y=2       130      42      59      63      91      74     112     142
  y=3       171      61     105      79     116     107     139     135
  y=4       201     107     124     111     113     160     135     178
  y=5       169      93      95     115     131     164     171     178
  y=6       193     138     134     101     154     162     162     197
  y=7       178     110     137     101     175     180     187     183

  NCRISC END ns (rel)
             0       1       2       3       4       5       6       7
  y=0      7657    7629    7931    7471    7717    7749    7694    7725
  y=1      7708    7695    7677    7458    7381    7406    7124    6836
  y=2      7421    7127    7144    7104    7292    7289    7072    7037
  y=3      6383    6097    6105    5365    6074    6074    6219    6029
  y=4      6315    6265    5986    5945    4452    4515    4356    4353
  y=5      5679    5616    5285    5042    3943    3988    4119    3916
  y=6      4312    4255    4182    3949    3714    3669    3809    3406
  y=7      3306    3094    2939    2808    2786    2767    2910    2956
    corr(duration, grid_row) = -0.95   corr(duration, grid_col) = -0.17
    corr(duration, start)    = -0.65
    [attention_focus] corr(duration, block_id) = -0.15  corr(duration, block_id%12) = -0.23  corr(duration, (8*block_id)%12) = +0.02
      duration by first-write bank (8b%12): 0:5448  4:5608  8:5526

--- BRISC: 64 cores | duration mean 9337 max 12348 (1.32x) | start spread 179 | end spread 7411 | wall(end max) 12443

  BRISC DURATION ns
             0       1       2       3       4       5       6       7
  y=0     10153   10150   10856   10740   10875   11697   11749   10353
  y=1     11136   11046   11702   11357   11336   11912   12065    9886
  y=2     11350   10999   11501   11585   11842   12013   12348   10288
  y=3     10855    8557    8689    8277    8863    8664   12162    8127
  y=4     11589   11807   11262   11524    7795    7909    7328    7015
  y=5     11210   11274   10301   10741    8707    8144    8143    6716
  y=6      6754    7425    8341    7056   11702    6331    7504    6112
  y=7      5710    5847    5169    5021    4884    4912    5165    5048

  BRISC START ns (rel)
             0       1       2       3       4       5       6       7
  y=0        99      55      35       1      70      62      75     120
  y=1       126       6      50       0      58      67     105     118
  y=2       108      20      41      50      70      53      95     117
  y=3       152      39      83      62      99      90     120     113
  y=4       174      86     102      92      95     138     110     168
  y=5       149      75      73     104     109     145     151     156
  y=6       171     114     114      79     135     143     142     179
  y=7       168      90     115      91     148     156     165     164

  BRISC END ns (rel)
             0       1       2       3       4       5       6       7
  y=0     10252   10205   10891   10741   10945   11759   11824   10473
  y=1     11262   11052   11752   11357   11394   11979   12170   10004
  y=2     11458   11019   11542   11635   11912   12066   12443   10405
  y=3     11007    8596    8772    8339    8962    8754   12282    8240
  y=4     11763   11893   11364   11616    7890    8047    7438    7183
  y=5     11359   11349   10374   10845    8816    8289    8294    6872
  y=6      6925    7539    8455    7135   11837    6474    7646    6291
  y=7      5878    5937    5284    5112    5032    5068    5330    5212
    corr(duration, grid_row) = -0.75   corr(duration, grid_col) = -0.19
    corr(duration, start)    = -0.53
    [attention_focus] corr(duration, block_id) = -0.24  corr(duration, block_id%12) = -0.18  corr(duration, (8*block_id)%12) = +0.02
      duration by first-write bank (8b%12): 0:9176  4:9543  8:9300

  marker budget: worst (core,RISC) = (1, 1) BRISC at 10/250
