# wall_ms_median per case (budget_sweep, 2 warm-up + 5 timed; first point 5 warm-up); r1 = order off,ov,fuse,ovf; r2 = reversed; d vs off mean; 4 sparse layers (3-6)
    W       h cfg         r1       r2     mean    d_ms     d% d/sparse_layer_ms
 4096       0 off      79.48    79.57    79.53    0.00   0.00    0.000
 4096       0 ov       78.11    78.22    78.17   -1.36  -1.71   -0.340
 4096       0 fuse     78.19    78.26    78.23   -1.30  -1.63   -0.325
 4096       0 ovf      76.70    76.45    76.58   -2.95  -3.71   -0.737
 4096  139264 off     145.81   145.70   145.75    0.00   0.00    0.000
 4096  139264 ov      144.47   144.30   144.39   -1.37  -0.94   -0.342
 4096  139264 fuse    144.57   144.21   144.39   -1.36  -0.93   -0.340
 4096  139264 ovf     142.94   143.14   143.04   -2.72  -1.86   -0.679
 8192       0 off     153.71   153.89   153.80    0.00   0.00    0.000
 8192       0 ov      151.57   151.08   151.32   -2.48  -1.61   -0.619
 8192       0 fuse    151.37   151.36   151.36   -2.44  -1.58   -0.609
 8192       0 ovf     148.90   148.59   148.74   -5.06  -3.29   -1.264
 8192  139264 off     285.72   285.30   285.51    0.00   0.00    0.000
 8192  139264 ov      283.67   283.40   283.54   -1.97  -0.69   -0.494
 8192  139264 fuse    284.07   283.37   283.72   -1.79  -0.63   -0.447
 8192  139264 ovf     281.45   280.61   281.03   -4.48  -1.57   -1.119
