=== tanh (3-entry SFPLUT) ===
         x       raw result         lut(x)   segment fit
   0.05000     0.0453125015   0.0453125015
   0.12500       0.11328125     0.11328125  slope=+0.906250
   0.25000        0.2265625      0.2265625  slope=+0.906250
   0.37500       0.33984375     0.33984375  slope=+0.906250
   0.49900      0.452218771    0.452218771  slope=+0.906250
   0.50000         0.453125       0.453125  slope=+0.906229
   0.50100      0.454031229    0.454031229  slope=+0.906229
   0.62500       0.56640625     0.56640625  slope=+0.906250
   0.75000        0.6796875      0.6796875  slope=+0.906250
   0.87500       0.79296875     0.79296875  slope=+0.906250
   0.99900      0.905343771    0.905343771  slope=+0.906250
   1.00000          0.90625        0.90625  slope=+0.906229
   1.00100      0.906343758    0.906343758  slope=+0.093758
   1.12500       0.91796875     0.91796875  slope=+0.093750
   1.25000        0.9296875      0.9296875  slope=+0.093750
   1.37500       0.94140625     0.94140625  slope=+0.093750
   1.49900      0.953031242    0.953031242  slope=+0.093750
   1.50000         0.953125       0.953125  slope=+0.093758
   1.50100      0.953218758    0.953218758  slope=+0.093758
   1.62500       0.96484375     0.96484375  slope=+0.093750
   1.75000        0.9765625      0.9765625  slope=+0.093750
   1.87500       0.98828125     0.98828125  slope=+0.093750
   1.99900      0.999906242    0.999906242  slope=+0.093750
   2.00000                1              1  slope=+0.093758
   2.00100                1              1
   2.25000                1              1
   2.50000                1              1
   2.75000                1              1
   2.99900                1              1
   3.00000                1              1
   3.00100                1              1
   3.25000                1              1
   3.50000                1              1
   3.75000                1              1
   3.99900                1              1
   4.00000                1              1
   4.00100                1              1
   4.50000                1              1
   5.00000                1              1
   6.00000                1              1
   8.00000                1              1
  12.00000                1              1
  16.00000                1              1
  32.00000                1              1
  64.00000                1              1
 128.00000                1              1


=== sigmoid_appx (3-entry SFPLUT, -0.5) ===
         x       raw result         lut(x)   segment fit
   0.05000      0.511328101   0.0113281012
   0.12500      0.528320312   0.0283203125  slope=+0.226563
   0.25000      0.556640625    0.056640625  slope=+0.226562
   0.37500      0.584960938   0.0849609375  slope=+0.226562
   0.49900      0.613054693    0.113054693  slope=+0.226563
   0.50000       0.61328125     0.11328125  slope=+0.226557
   0.50100      0.613507807    0.113507807  slope=+0.226557
   0.62500      0.641601562    0.141601562  slope=+0.226563
   0.75000      0.669921875    0.169921875  slope=+0.226562
   0.87500      0.698242188    0.198242188  slope=+0.226562
   0.99900      0.726335943    0.226335943  slope=+0.226563
   1.00000          0.71875        0.21875  slope=-7.585943
   1.00100      0.719015658    0.219015658  slope=+0.265658
   1.12500      0.751953125    0.251953125  slope=+0.265625
   1.25000       0.78515625     0.28515625  slope=+0.265625
   1.37500      0.818359375    0.318359375  slope=+0.265625
   1.49900      0.851296902    0.351296902  slope=+0.265625
   1.50000        0.8515625      0.3515625  slope=+0.265598
   1.50100      0.851828098    0.351828098  slope=+0.265598
   1.62500      0.884765625    0.384765625  slope=+0.265625
   1.75000       0.91796875     0.41796875  slope=+0.265625
   1.87500      0.951171875    0.451171875  slope=+0.265625
   1.99900      0.984109402    0.484109402  slope=+0.265625
   2.00000                1            0.5  slope=+15.890598
   2.00100                1            0.5
   2.25000                1            0.5
   2.50000                1            0.5
   2.75000                1            0.5
   2.99900                1            0.5
   3.00000                1            0.5
   3.00100                1            0.5
   3.25000                1            0.5
   3.50000                1            0.5
   3.75000                1            0.5
   3.99900                1            0.5
   4.00000                1            0.5
   4.00100                1            0.5
   4.50000                1            0.5
   5.00000                1            0.5
   6.00000                1            0.5
   8.00000                1            0.5
  12.00000                1            0.5
  16.00000                1            0.5
  32.00000                1            0.5
  64.00000                1            0.5
 128.00000                1            0.5


=== gelu_appx (6-entry SFPLUTFP32, -0.5x) ===
         x       raw result         lut(x)   segment fit
   0.05000     0.0345330238  0.00953302383
   0.12500     0.0864892006   0.0239892006  slope=+0.192749
   0.25000      0.173082829   0.0480828285  slope=+0.192749
   0.37500      0.259676456   0.0721764565  slope=+0.192749
   0.49900      0.345577359   0.0960773592  slope=+0.192749
   0.50000      0.336547852   0.0865478516  slope=-9.529508
   0.50100      0.337541729   0.0870417292  slope=+0.493878
   0.62500      0.460784912    0.148284912  slope=+0.493897
   0.75000      0.585021973    0.210021973  slope=+0.493896
   0.87500      0.709259033    0.271759033  slope=+0.493896
   0.99900      0.832502246    0.333002246  slope=+0.493897
   1.00000      0.839111328    0.339111328  slope=+6.109082
   1.00100      0.840229988    0.339729988  slope=+0.618660
   1.12500      0.978942871    0.416442871  slope=+0.618652
   1.25000       1.11877441    0.493774414  slope=+0.618652
   1.37500       1.25860596    0.571105957  slope=+0.618652
   1.49900       1.39731884     0.64781884  slope=+0.618652
   1.50000       1.40136719    0.651367188  slope=+3.548347
   1.50100       1.40247703    0.651977026  slope=+0.609838
   1.62500        1.5401001    0.727600098  slope=+0.609863
   1.75000       1.67883301    0.803833008  slope=+0.609863
   1.87500       1.81756592    0.880065918  slope=+0.609863
   1.99900       1.95518899     0.95568899  slope=+0.609863
   2.00000       1.96069336    0.960693359  slope=+5.004370
   2.00100       1.96173334    0.961233341  slope=+0.539982
   2.25000       2.22070312     1.09570312  slope=+0.540039
   2.50000       2.48071289     1.23071289  slope=+0.540039
   2.75000       2.74072266     1.36572266  slope=+0.540039
   2.99900       2.99969244     1.50019244  slope=+0.540039
   3.00000                3            1.5  slope=-0.192440
   3.00100       3.00099993     1.50049993  slope=+0.499928
   3.25000             3.25          1.625  slope=+0.500000
   3.50000              3.5           1.75  slope=+0.500000
   3.75000             3.75          1.875  slope=+0.500000
   3.99900       3.99900007     1.99950007  slope=+0.500000
   4.00000                4              2  slope=+0.499928
   4.00100       4.00099993     2.00049993  slope=+0.499928
   4.50000              4.5           2.25  slope=+0.500000
   5.00000                5            2.5  slope=+0.500000
   6.00000                6              3  slope=+0.500000
   8.00000                8              4  slope=+0.500000
  12.00000               12              6  slope=+0.500000
  16.00000               16              8  slope=+0.500000
  32.00000               32             16  slope=+0.500000
  64.00000               64             32  slope=+0.500000
 128.00000              128             64  slope=+0.500000


============================== 3 passed in 2.53s ===============================
