=== tanh (3-entry SFPLUT) ===
         x       raw result         lut(x)   segment fit
   0.05000     0.0406250022   0.0406250022
   0.12500        0.1015625      0.1015625  slope=+0.812500
   0.25000         0.203125       0.203125  slope=+0.812500
   0.37500        0.3046875      0.3046875  slope=+0.812500
   0.49900      0.405437499    0.405437499  slope=+0.812500
   0.50000          0.40625        0.40625  slope=+0.812501
   0.50100      0.407062501    0.407062501  slope=+0.812501
   0.62500        0.5078125      0.5078125  slope=+0.812500
   0.75000         0.609375       0.609375  slope=+0.812500
   0.87500        0.7109375      0.7109375  slope=+0.812500
   0.99900      0.811687529    0.811687529  slope=+0.812500
   1.00000           0.8125         0.8125  slope=+0.812471
   1.00100      0.812687516    0.812687516  slope=+0.187516
   1.12500        0.8359375      0.8359375  slope=+0.187500
   1.25000         0.859375       0.859375  slope=+0.187500
   1.37500        0.8828125      0.8828125  slope=+0.187500
   1.49900      0.906062484    0.906062484  slope=+0.187500
   1.50000          0.90625        0.90625  slope=+0.187516
   1.50100      0.906437516    0.906437516  slope=+0.187516
   1.62500        0.9296875      0.9296875  slope=+0.187500
   1.75000         0.953125       0.953125  slope=+0.187500
   1.87500        0.9765625      0.9765625  slope=+0.187500
   1.99900      0.999812484    0.999812484  slope=+0.187500
   2.00000                1              1  slope=+0.187516
   2.00100                1              1
   2.25000                1              1
   2.50000                1              1
   2.75000                1              1
   2.99900                1              1
   3.00000                1              1
   3.00100                1              1
   3.25000                1              1
   3.50000                1              1
   3.75000                1              1
   3.99900                1              1
   4.00000                1              1
   4.00100                1              1
   4.50000                1              1
   5.00000                1              1
   6.00000                1              1
   8.00000                1              1
  12.00000                1              1
  16.00000                1              1
  32.00000                1              1
  64.00000                1              1
 128.00000                1              1


=== sigmoid_appx (3-entry SFPLUT, -0.5) ===
         x       raw result         lut(x)   segment fit
   0.05000       0.51171875     0.01171875
   0.12500      0.529296875    0.029296875  slope=+0.234375
   0.25000       0.55859375     0.05859375  slope=+0.234375
   0.37500      0.587890625    0.087890625  slope=+0.234375
   0.49900      0.616953135    0.116953135  slope=+0.234375
   0.50000        0.6171875      0.1171875  slope=+0.234365
   0.50100      0.617421865    0.117421865  slope=+0.234365
   0.62500      0.646484375    0.146484375  slope=+0.234375
   0.75000       0.67578125     0.17578125  slope=+0.234375
   0.87500      0.705078125    0.205078125  slope=+0.234375
   0.99900      0.734140635    0.234140635  slope=+0.234375
   1.00000       0.73828125     0.23828125  slope=+4.140615
   1.00100      0.738429666    0.238429666  slope=+0.148416
   1.12500      0.756835938    0.256835938  slope=+0.148438
   1.25000      0.775390625    0.275390625  slope=+0.148438
   1.37500      0.793945312    0.293945312  slope=+0.148438
   1.49900      0.812351584    0.312351584  slope=+0.148438
   1.50000           0.8125         0.3125  slope=+0.148416
   1.50100      0.812648416    0.312648416  slope=+0.148416
   1.62500      0.831054688    0.331054688  slope=+0.148438
   1.75000      0.849609375    0.349609375  slope=+0.148438
   1.87500      0.868164062    0.368164062  slope=+0.148438
   1.99900      0.886570334    0.386570334  slope=+0.148438
   2.00000                1            0.5  slope=+113.429666
   2.00100                1            0.5
   2.25000                1            0.5
   2.50000                1            0.5
   2.75000                1            0.5
   2.99900                1            0.5
   3.00000                1            0.5
   3.00100                1            0.5
   3.25000                1            0.5
   3.50000                1            0.5
   3.75000                1            0.5
   3.99900                1            0.5
   4.00000                1            0.5
   4.00100                1            0.5
   4.50000                1            0.5
   5.00000                1            0.5
   6.00000                1            0.5
   8.00000                1            0.5
  12.00000                1            0.5
  16.00000                1            0.5
  32.00000                1            0.5
  64.00000                1            0.5
 128.00000                1            0.5


=== gelu_appx (6-entry SFPLUTFP32, -0.5x) ===
         x       raw result         lut(x)   segment fit
   0.05000     0.0229888931 -0.00201110691
   0.12500     0.0748443604   0.0123443604  slope=+0.191406
   0.25000      0.161270142   0.0362701416  slope=+0.191406
   0.37500      0.247695923   0.0601959229  slope=+0.191406
   0.49900       0.33343029   0.0839302902  slope=+0.191406
   0.50000      0.338989258   0.0889892578  slope=+5.058968
   0.50100      0.339980453   0.0894804533  slope=+0.491195
   0.62500      0.462890625    0.150390625  slope=+0.491211
   0.75000      0.586791992    0.211791992  slope=+0.491211
   0.87500      0.710693359    0.273193359  slope=+0.491211
   0.99900      0.833603501    0.334103501  slope=+0.491211
   1.00000       0.83984375     0.33984375  slope=+5.740249
   1.00100      0.840960979    0.340460979  slope=+0.617229
   1.12500      0.979492188    0.416992188  slope=+0.617187
   1.25000       1.11914062    0.494140625  slope=+0.617188
   1.37500       1.25878906    0.571289062  slope=+0.617188
   1.49900       1.39732027    0.647820271  slope=+0.617187
   1.50000       1.40112305    0.651123047  slope=+3.302776
   1.50100       1.40223241    0.651732409  slope=+0.609362
   1.62500       1.53979492    0.727294922  slope=+0.609375
   1.75000        1.6784668    0.803466797  slope=+0.609375
   1.87500       1.81713867    0.879638672  slope=+0.609375
   1.99900       1.95470119    0.955201185  slope=+0.609375
   2.00000       1.95910645    0.959106445  slope=+3.905260
   2.00100       1.96014786    0.959647858  slope=+0.541412
   2.25000       2.21948242     1.09448242  slope=+0.541504
   2.50000        2.4798584      1.2298584  slope=+0.541504
   2.75000       2.74023438     1.36523438  slope=+0.541504
   2.99900       2.99956894     1.50006894  slope=+0.541504
   3.00000                3            1.5  slope=-0.068939
   3.00100       3.00099993     1.50049993  slope=+0.499928
   3.25000             3.25          1.625  slope=+0.500000
   3.50000              3.5           1.75  slope=+0.500000
   3.75000             3.75          1.875  slope=+0.500000
   3.99900       3.99900007     1.99950007  slope=+0.500000
   4.00000                4              2  slope=+0.499928
   4.00100       4.00099993     2.00049993  slope=+0.499928
   4.50000              4.5           2.25  slope=+0.500000
   5.00000                5            2.5  slope=+0.500000
   6.00000                6              3  slope=+0.500000
   8.00000                8              4  slope=+0.500000
  12.00000               12              6  slope=+0.500000
  16.00000               16              8  slope=+0.500000
  32.00000               32             16  slope=+0.500000
  64.00000               64             32  slope=+0.500000
 128.00000              128             64  slope=+0.500000


============================== 3 passed in 2.48s ===============================
