shape                                        orig                   ow16
T640_C1792_fp32                      135.3(1.000)           118.4(0.875)
T640_C7168_fp32                      440.4(1.000)           447.3(1.016)
T1000_C1792_fp32                     200.8(1.000)           204.3(1.017)
T1000_C7168_fp32                     716.1(1.000)           713.1(0.996)
T640_C1792_xf32_fbf16                134.2(1.000)           113.9(0.849)
T640_C7168_xf32_fbf16                417.3(1.000)           422.0(1.011)
T1000_C1792_xf32_fbf16               191.2(1.000)           192.5(1.007)
T1000_C7168_xf32_fbf16               672.7(1.000)           723.5(1.076)
T640_C7168_xbf16_ff32                264.9(1.000)           260.1(0.982)
