case | head | cores_unlocked | dram_unlocked
0 | 24162 (n=4) [23802, 22772, 24523, 24571] | 23928 (n=4, -1.0%) [24547, 24099, 23571, 23758] | 30106 (n=4, +24.6%) [29742, 29305, 31651, 30470]
1 | 13278 (n=4) [13309, 13246, 13125, 13414] | 13318 (n=4, +0.3%) [13435, 13201, 13325, 13312] | 17802 (n=4, +34.1%) [18066, 17582, 17703, 17901]
2 | 44865 (n=4) [45130, 44600, 43623, 45385] | 45315 (n=4, +1.0%) [43353, 44808, 45822, 46559] | 59184 (n=4, +31.9%) [58680, 57919, 60130, 59689]
6 | 14067 (n=4) [14060, 14106, 14074, 13961] | 14346 (n=4, +2.0%) [14595, 14405, 13211, 14287] | 13264 (n=4, -5.7%) [13414, 13190, 13339, 13164]
w256 | 43630 (n=4) [43440, 43808, 43453, 43811] | 43640 (n=4, +0.0%) [44225, 46027, 43056, 42811] | 57384 (n=4, +31.5%) [56983, 58231, 57785, 56359]
w128 | 45080 (n=4) [44911, 45061, 45652, 45099] | 44696 (n=4, -0.9%) [43944, 44944, 44449, 45777] | 53564 (n=4, +18.8%) [53196, 53918, 53211, 54120]
w1024 | 46006 (n=4) [45912, 46375, 46101, 44686] | 46074 (n=4, +0.1%) [46296, 44333, 46468, 45852] | 50006 (n=4, +8.7%) [50428, 49092, 50083, 49930]
c_d2048x256 | 12286 (n=4) [12992, 12499, 12074, 12037] | 12033 (n=4, -2.1%) [12023, 11932, 12043, 12244] | 14604 (n=4, +18.9%) [13611, 15725, 15598, 12888]
c_d4096x128 | 12402 (n=4) [13024, 12231, 11948, 12572] | 12312 (n=4, -0.7%) [12189, 12436, 12704, 12044] | 14588 (n=4, +17.6%) [14541, 14233, 14988, 14634]
c_d1024x1024 | 23412 (n=4) [23657, 23166, 23104, 24214] | 23067 (n=4, -1.5%) [24442, 22622, 23312, 22822] | 26066 (n=4, +11.3%) [26153, 25465, 26908, 25978]
c_d8192x64 | 12889 (n=4) [12734, 12932, 12846, 12958] | 12782 (n=4, -0.8%) [12895, 12398, 12840, 12724] | 12080 (n=4, -6.3%) [11609, 11453, 12550, 12867]
d16384x32f | 25021 (n=4) [24724, 25039, 25003, 25225] | 25672 (n=4, +2.6%) [26129, 26087, 25256, 25188] | 30822 (n=4, +23.2%) [29779, 29365, 32221, 31864]
d4096x64f | 13289 (n=4) [13053, 12849, 13525, 13628] | 13525 (n=4, +1.8%) [13845, 13721, 13329, 13012] | 14295 (n=4, +7.6%) [12180, 13835, 14755, 15100]
d32x16384 | 12352 (n=4) [12292, 12258, 12413, 12695] | 12329 (n=4, -0.2%) [12429, 13016, 12003, 12229] | 14195 (n=4, +14.9%) [14528, 14417, 13277, 13973]
d64x8192 | 12926 (n=4) [12518, 12870, 12982, 13447] | 12486 (n=4, -3.4%) [12561, 12086, 12703, 12412] | 12595 (n=4, -2.6%) [12579, 12611, 12693, 12193]
hs_2c_big | 12948 (n=4) [12968, 12928, 12788, 13028] | 18275 (n=4, +41.1%) [18291, 18077, 18259, 18419] | 12870 (n=4, -0.6%) [12964, 12776, 12747, 12993]
hsb_k4 | 13171 (n=4) [13231, 13015, 13510, 13111] | 17966 (n=4, +36.4%) [18007, 17915, 17924, 18491] | 13136 (n=4, -0.3%) [13074, 13197, 13200, 13005]
hsb_k8 | 15275 (n=4) [15648, 15263, 14984, 15287] | 19525 (n=4, +27.8%) [19511, 19539, 19334, 19627] | 15506 (n=4, +1.5%) [15402, 15721, 15547, 15466]
hs_k4 | 2641 (n=4) [2632, 2634, 2770, 2648] | 3338 (n=4, +26.4%) [3324, 3411, 3353, 3323] | 2702 (n=4, +2.3%) [2766, 2728, 2612, 2675]
hs_k8 | 2957 (n=4) [2980, 2934, 2999, 2928] | 3413 (n=4, +15.4%) [3403, 3413, 3413, 3435] | 2924 (n=4, -1.1%) [2903, 2997, 2946, 2834]
hs_tiny | 2614 (n=4) [2755, 2632, 2575, 2596] | 3347 (n=4, +28.0%) [3353, 3341, 3389, 3306] | 2692 (n=4, +3.0%) [2554, 2799, 2735, 2649]
hs_k16 | 4535 (n=4) [4461, 4616, 4570, 4500] | 4690 (n=4, +3.4%) [4642, 4738, 4968, 4627] | 4838 (n=4, +6.7%) [4892, 4860, 4317, 4816]
hsb_k16 | 29042 (n=4) [29463, 28620, 28021, 29596] | 29503 (n=4, +1.6%) [28739, 29030, 29976, 30216] | 28686 (n=4, -1.2%) [27822, 29329, 28756, 28617]
c_bs16 | 6330 (n=4) [6683, 6458, 6201, 5917] | 6653 (n=4, +5.1%) [6577, 6636, 6975, 6670] | 6199 (n=4, -2.1%) [6177, 6032, 6221, 6369]
c_ws16 | 3634 (n=4) [3573, 3715, 3646, 3621] | 3862 (n=4, +6.3%) [3819, 3904, 3917, 3793] | 3600 (n=4, -0.9%) [3587, 3614, 3493, 3725]
c_l1_256x64 | 2303 (n=4) [2332, 2247, 2293, 2313] | 2453 (n=4, +6.5%) [2556, 2402, 2403, 2503] | 2246 (n=4, -2.5%) [2359, 2232, 2259, 2232]
c_hsb_k20 | 42678 (n=4) [42613, 42744, 42255, 43511] | 44931 (n=4, +5.3%) [44628, 44442, 45526, 45234] | 43713 (n=4, +2.4%) [44621, 42590, 43527, 43899]
c_bs24 | 6542 (n=4) [6955, 6496, 6587, 6287] | 6616 (n=4, +1.1%) [6570, 6831, 6529, 6661] | 6578 (n=4, +0.6%) [6627, 6530, 6461, 6646]
c_hs_k24 | 6473 (n=4) [6748, 6454, 6434, 6492] | 6482 (n=4, +0.1%) [6627, 6337, 6802, 6147] | 6308 (n=4, -2.6%) [6134, 6421, 6475, 6194]
3 | 2388 (n=4) [2335, 2461, 2442, 2311] | 2554 (n=4, +6.9%) [2722, 2558, 2551, 2518] | 2368 (n=4, -0.9%) [2289, 2355, 2404, 2381]
