stages=8 pipelines=1 hop=15.0 ms prefill requests=3613 useful tokens=19,624,571 work tokens=23,207,900 (recompute 15.4%) budget_ms=155.0
split=[8, 8, 8, 8, 7, 7, 7, 7]
     W  policy     tok/s  fwd p50  fwd p99  fill % hot p50 ms hot p99 ms  stage utilisation
  4096    fcfs     16244    153.1    491.1    86.3       1483       4524  100  57  57  57  50  50  50  50
  4096    cost     16030    145.1    256.8    86.3       1411       2416  100  58  58  58  51  51  51  51
  8192    fcfs     16681    303.9    939.1    86.3       2840       8557  100  55  55  55  48  48  48  48
  8192    cost     16103    150.6    257.2    86.3       1460       2420  100  58  58  58  51  51  51  51
split=[3, 9, 8, 8, 8, 8, 8, 8]
     W  policy     tok/s  fwd p50  fwd p99  fill % hot p50 ms hot p99 ms  stage utilisation
  4096    fcfs     24683    110.3    381.2    86.3       1098       3536   98  98  87  87  87  87  87  87
  4096    cost     24539    121.1    197.9    86.3       1195       1886   97  98  87  87  87  87  87  87
  8192    fcfs     25082    207.7    736.8    86.3       1975       6737   99  93  82  82  82  82  82  82
  8192    cost     24845    148.0    198.3    86.3       1437       1890   98  97  86  86  86  86  86  86
split=[4, 8, 8, 8, 8, 8, 8, 8]
     W  policy     tok/s  fwd p50  fwd p99  fill % hot p50 ms hot p99 ms  stage utilisation
  4096    fcfs     22698    104.2    403.2    86.3       1042       3733  100  80  80  80  80  80  80  80
  4096    cost     22648    129.2    209.6    86.3       1268       1991  100  81  81  81  81  81  81  81
  8192    fcfs     22962    210.9    777.3    86.3       2003       7101  100  75  75  75  75  75  75  75
  8192    cost     22776    150.1    210.4    86.3       1456       1999  100  79  79  79  79  79  79  79
split=[5, 8, 8, 8, 8, 8, 8, 7]
     W  policy     tok/s  fwd p50  fwd p99  fill % hot p50 ms hot p99 ms  stage utilisation
  4096    fcfs     20660    116.1    425.1    86.3       1150       3931  100  73  73  73  73  73  73  64
  4096    cost     20569    135.7    221.2    86.3       1326       2096  100  74  74  74  74  74  74  64
  8192    fcfs     20993    234.0    817.7    86.3       2211       7465  100  69  69  69  69  69  69  60
  8192    cost     20694    150.4    222.5    86.3       1459       2107  100  72  72  72  72  72  72  63
split=[6, 8, 8, 8, 8, 8, 7, 7]
     W  policy     tok/s  fwd p50  fwd p99  fill % hot p50 ms hot p99 ms  stage utilisation
  4096    fcfs     18944    128.5    447.1    86.3       1261       4129  100  67  67  67  67  67  58  58
  4096    cost     18814    139.9    233.2    86.3       1365       2204  100  68  68  68  68  68  59  59
  8192    fcfs     19328    257.5    858.2    86.3       2423       7829  100  64  64  64  64  64  56  56
  8192    cost     18930    150.8    234.1    86.3       1462       2212  100  67  67  67  67  67  58  58
split=[7, 8, 8, 8, 8, 7, 7, 7]
     W  policy     tok/s  fwd p50  fwd p99  fill % hot p50 ms hot p99 ms  stage utilisation
  4096    fcfs     17490    141.0    469.1    86.3       1374       4327  100  61  61  61  61  54  54  54
  4096    cost     17316    142.3    244.8    86.3       1386       2308  100  63  63  63  63  55  55  55
  8192    fcfs     17907    281.1    898.7    86.3       2635       8193  100  59  59  59  59  52  52  52
  8192    cost     17418    150.5    245.7    86.3       1460       2316  100  62  62  62  62  54  54  54
split=[2, 1, 10, 10, 10, 9, 9, 9]
     W  policy     tok/s  fwd p50  fwd p99  fill % hot p50 ms hot p99 ms  stage utilisation
  4096    fcfs     22737    122.4    255.1    86.3       1206       2401   61  29 100 100 100  90  90  90
  4096    cost     22674    130.6    154.6    86.3       1280       1497   61  29 100 100 100  90  90  90
  8192    fcfs     24273    229.9    493.2    86.3       2175       4544   64  31 100 100 100  90  90  90
  8192    cost     22934    142.8    154.9    86.3       1390       1499   61  29 100 100 100  90  90  90
split=[1, 2, 10, 10, 10, 9, 9, 9]
     W  policy     tok/s  fwd p50  fwd p99  fill % hot p50 ms hot p99 ms  stage utilisation
  4096    fcfs     22737    122.4    252.2    86.3       1206       2375   31  58 100 100 100  90  90  90
  4096    cost     22674    130.5    154.6    86.3       1279       1497   31  58 100 100 100  90  90  90
  8192    fcfs     24273    229.9    487.4    86.3       2175       4491   33  62 100 100 100  90  90  90
  8192    cost     22934    142.8    154.9    86.3       1390       1499   32  59 100 100 100  90  90  90
split=[1, 1, 1, 12, 12, 11, 11, 11]
     W  policy     tok/s  fwd p50  fwd p99  fill % hot p50 ms hot p99 ms  stage utilisation
  4096    fcfs     18953    146.8    262.1    86.3       1427       2464   26  24  24 100 100  92  92  92
  4096    cost     18492    137.5    154.8    86.3       1343       1499   26  24  24 100 100  92  92  92
  8192    fcfs     20239    275.9    495.1    86.3       2588       4561   28  26  26 100 100  91  91  91
  8192    cost     18492    137.6    154.8    86.3       1343       1499   26  24  24 100 100  92  92  92
split=[1, 1, 8, 10, 10, 10, 10, 10]
     W  policy     tok/s  fwd p50  fwd p99  fill % hot p50 ms hot p99 ms  stage utilisation
  4096    fcfs     22612    122.5    279.0    86.3       1207       2616   31  29  99  99  99  99  99  99
  4096    cost     22466    130.8    154.6    86.3       1282       1497   31  29  99  99  99  99  99  99
  8192    fcfs     23877    230.3    531.3    86.3       2177       4886   33  31  99  98  98  98  98  98
  8192    cost     22694    141.5    154.9    86.3       1378       1499   31  29  99  99  99  99  99  99
split=[3, 3, 9, 9, 9, 9, 9, 9]
     W  policy     tok/s  fwd p50  fwd p99  fill % hot p50 ms hot p99 ms  stage utilisation
  4096    fcfs     24674    110.3    381.2    86.3       1098       3536   98  33  98  98  98  98  98  98
  4096    cost     24536    121.1    197.9    86.3       1195       1886   97  33  98  98  98  98  98  98
  8192    fcfs     25064    207.7    736.8    86.3       1975       6737   99  31  93  93  93  93  93  93
  8192    cost     24842    148.0    198.3    86.3       1437       1890   98  32  97  97  97  97  97  97
