stages=8 pipelines=1 hop=8.45 ms prefill requests=3613 useful tokens=19,624,571 work tokens=23,207,900 (recompute 15.4%) budget_ms=160.1
split=[8, 8, 8, 8, 7, 7, 7, 7]
     W  policy     tok/s  fwd p50  fwd p99  fill % hot p50 ms hot p99 ms  stage utilisation
  4096    fcfs     16244    153.1    491.1    86.3       1437       4479  100  57  57  57  50  50  50  50
  4096    cost     16043    148.3    256.8    86.3       1394       2370  100  58  58  58  51  51  51  51
  8192    fcfs     16682    303.9    939.1    86.3       2794       8511  100  55  55  55  48  48  48  48
  8192    cost     16128    155.0    257.2    86.3       1454       2374  100  58  58  58  50  50  50  50
split=[3, 9, 8, 8, 8, 8, 8, 8]
     W  policy     tok/s  fwd p50  fwd p99  fill % hot p50 ms hot p99 ms  stage utilisation
  4096    fcfs     24685    110.3    381.2    86.3       1052       3490   98  98  87  87  87  87  87  87
  4096    cost     24564    121.9    197.9    86.3       1156       1841   97  98  87  87  87  87  87  87
  8192    fcfs     25084    207.7    736.8    86.3       1929       6691   99  93  82  82  82  82  82  82
  8192    cost     24881    154.2    198.7    86.3       1447       1848   98  97  86  86  86  86  86  86
split=[4, 8, 8, 8, 8, 8, 8, 8]
     W  policy     tok/s  fwd p50  fwd p99  fill % hot p50 ms hot p99 ms  stage utilisation
  4096    fcfs     22699    104.2    403.2    86.3        997       3688  100  80  80  80  80  80  80  80
  4096    cost     22655    130.4    209.7    86.3       1233       1946  100  81  81  81  81  81  81  81
  8192    fcfs     22963    210.9    777.3    86.3       1958       7055  100  76  76  76  76  76  76  76
  8192    cost     22791    155.3    210.7    86.3       1457       1956  100  79  79  79  79  79  79  79
split=[5, 8, 8, 8, 8, 8, 8, 7]
     W  policy     tok/s  fwd p50  fwd p99  fill % hot p50 ms hot p99 ms  stage utilisation
  4096    fcfs     20661    116.1    425.1    86.3       1104       3885  100  73  73  73  73  73  73  64
  4096    cost     20578    137.8    221.6    86.3       1299       2054  100  74  74  74  74  74  74  64
  8192    fcfs     20994    234.0    817.7    86.3       2165       7419  100  69  69  69  69  69  69  60
  8192    cost     20716    155.3    222.5    86.3       1457       2061  100  72  72  72  72  72  72  63
split=[6, 8, 8, 8, 8, 8, 7, 7]
     W  policy     tok/s  fwd p50  fwd p99  fill % hot p50 ms hot p99 ms  stage utilisation
  4096    fcfs     18944    128.5    447.1    86.3       1215       4083  100  67  67  67  67  67  58  58
  4096    cost     18823    142.9    233.2    86.3       1345       2158  100  68  68  68  68  68  59  59
  8192    fcfs     19329    257.5    858.2    86.3       2377       7783  100  64  64  64  64  64  56  56
  8192    cost     18953    155.7    234.1    86.3       1461       2166  100  67  67  67  67  67  58  58
split=[7, 8, 8, 8, 8, 7, 7, 7]
     W  policy     tok/s  fwd p50  fwd p99  fill % hot p50 ms hot p99 ms  stage utilisation
  4096    fcfs     17491    141.0    469.1    86.3       1328       4281  100  61  61  61  61  54  54  54
  4096    cost     17328    145.5    245.2    86.3       1369       2266  100  62  62  62  62  55  55  55
  8192    fcfs     17908    281.1    898.7    86.3       2589       8147  100  59  59  59  59  52  52  52
  8192    cost     17440    155.4    245.7    86.3       1457       2270  100  62  62  62  62  54  54  54
split=[2, 1, 10, 10, 10, 9, 9, 9]
     W  policy     tok/s  fwd p50  fwd p99  fill % hot p50 ms hot p99 ms  stage utilisation
  4096    fcfs     22738    122.4    255.1    86.3       1160       2355   61  29 100 100 100  90  90  90
  4096    cost     22716    131.6    159.6    86.3       1244       1496   61  29 100 100 100  90  90  90
  8192    fcfs     24274    229.9    493.2    86.3       2129       4498   64  31 100 100 100  90  90  90
  8192    cost     23058    147.5    160.0    86.3       1386       1499   61  30 100 100 100  90  90  90
split=[1, 2, 10, 10, 10, 9, 9, 9]
     W  policy     tok/s  fwd p50  fwd p99  fill % hot p50 ms hot p99 ms  stage utilisation
  4096    fcfs     22738    122.4    252.2    86.3       1160       2329   31  58 100 100 100  90  90  90
  4096    cost     22716    131.5    159.6    86.3       1243       1496   31  58 100 100 100  90  90  90
  8192    fcfs     24274    229.9    487.4    86.3       2129       4445   33  62 100 100 100  90  90  90
  8192    cost     23058    147.5    160.0    86.3       1386       1499   32  59 100 100 100  90  90  90
split=[1, 1, 1, 12, 12, 11, 11, 11]
     W  policy     tok/s  fwd p50  fwd p99  fill % hot p50 ms hot p99 ms  stage utilisation
  4096    fcfs     18954    146.8    262.1    86.3       1381       2418   26  24  24 100 100  92  92  92
  4096    cost     18585    140.5    159.9    86.3       1324       1498   26  24  24 100 100  92  92  92
  8192    fcfs     20240    275.9    495.1    86.3       2543       4515   28  26  26 100 100  92  92  92
  8192    cost     18588    140.8    159.9    86.3       1326       1498   26  24  24 100 100  92  92  92
split=[1, 1, 8, 10, 10, 10, 10, 10]
     W  policy     tok/s  fwd p50  fwd p99  fill % hot p50 ms hot p99 ms  stage utilisation
  4096    fcfs     22613    122.5    279.0    86.3       1162       2570   31  29  99  99  99  99  99  99
  4096    cost     22501    132.0    159.7    86.3       1248       1496   31  29  99  99  99  99  99  99
  8192    fcfs     23879    230.3    531.3    86.3       2132       4840   33  31  99  98  98  98  98  98
  8192    cost     22804    147.1    160.0    86.3       1383       1499   32  29  99  99  99  99  99  99
split=[3, 3, 9, 9, 9, 9, 9, 9]
     W  policy     tok/s  fwd p50  fwd p99  fill % hot p50 ms hot p99 ms  stage utilisation
  4096    fcfs     24675    110.3    381.2    86.3       1052       3490   98  33  98  98  98  98  98  98
  4096    cost     24561    121.9    197.9    86.3       1156       1841   97  33  98  98  98  98  98  98
  8192    fcfs     25065    207.7    736.8    86.3       1929       6691   99  31  93  93  93  93  93  93
  8192    cost     24879    154.2    198.7    86.3       1447       1848   98  32  97  97  97  97  97  97
