stages=16 pipelines=1 hop=11.3 ms prefill requests=3613 useful tokens=19,624,571 work tokens=23,207,900 (recompute 15.4%) budget_ms=78.3
split=[4, 4, 4, 4, 4, 4, 4, 4, 4, 4, 4, 4, 3, 3, 3, 3]
     W  policy     tok/s  fwd p50  fwd p99  fill % hot p50 ms hot p99 ms  stage utilisation
  4096    fcfs     15029    157.0    615.1    86.3       2839      10627  100  35  35  35  35  35  35  35  35  35  35  35  26  26  26  26
  4096    cost     14896     92.4    315.0    86.3       1741       5525  100  37  37  37  37  37  37  37  37  37  37  37  28  28  28  28
  8192    fcfs     15126    320.0   1187.7    86.3       5610      20360  100  33  33  33  33  33  33  33  33  33  33  33  25  25  25  25
  8192    cost     14896     92.4    315.0    86.3       1741       5525  100  37  37  37  37  37  37  37  37  37  37  37  28  28  28  28
split=[3, 4, 4, 4, 4, 4, 4, 4, 4, 4, 4, 4, 4, 3, 3, 3]
     W  policy     tok/s  fwd p50  fwd p99  fill % hot p50 ms hot p99 ms  stage utilisation
  4096    fcfs     16452    140.1    591.3    86.3       2552      10222  100  38  38  38  38  38  38  38  38  38  38  38  38  28  28  28
  4096    cost     16421     89.0    303.3    86.3       1682       5326  100  40  40  40  40  40  40  40  40  40  40  40  40  30  30  30
  8192    fcfs     16480    288.2   1144.2    86.3       5069      19621  100  36  36  36  36  36  36  36  36  36  36  36  36  27  27  27
  8192    cost     16421     89.0    303.3    86.3       1682       5326  100  40  40  40  40  40  40  40  40  40  40  40  40  30  30  30
split=[2, 1, 5, 4, 4, 4, 4, 4, 4, 4, 4, 4, 4, 4, 4, 4]
     W  policy     tok/s  fwd p50  fwd p99  fill % hot p50 ms hot p99 ms  stage utilisation
  4096    fcfs     24340     94.9    395.7    86.3       1783       6897  100  48  70  56  56  56  56  56  56  56  56  56  56  56  56  56
  4096    cost     24281     76.9    202.5    86.3       1477       3613  100  48  75  60  60  60  60  60  60  60  60  60  60  60  60  60
  8192    fcfs     24381    195.1    765.8    86.3       3487      13188  100  48  66  53  53  53  53  53  53  53  53  53  53  53  53  53
  8192    cost     24281     76.9    202.5    86.3       1477       3613  100  48  75  60  60  60  60  60  60  60  60  60  60  60  60  60
split=[1, 2, 5, 4, 4, 4, 4, 4, 4, 4, 4, 4, 4, 4, 4, 4]
     W  policy     tok/s  fwd p50  fwd p99  fill % hot p50 ms hot p99 ms  stage utilisation
  4096    fcfs     25255     90.4    391.2    86.3       1707       6820   54 100  73  58  58  58  58  58  58  58  58  58  58  58  58  58
  4096    cost     25197     76.8    200.3    86.3       1476       3574   54 100  78  62  62  62  62  62  62  62  62  62  62  62  62  62
  8192    fcfs     25300    186.1    756.8    86.3       3334      13035   54 100  69  55  55  55  55  55  55  55  55  55  55  55  55  55
  8192    cost     25197     76.8    200.3    86.3       1476       3574   54 100  78  62  62  62  62  62  62  62  62  62  62  62  62  62
split=[1, 1, 1, 5, 5, 5, 5, 5, 4, 4, 4, 4, 4, 4, 4, 4]
     W  policy     tok/s  fwd p50  fwd p99  fill % hot p50 ms hot p99 ms  stage utilisation
  4096    fcfs     34587     83.1    200.1    86.3       1583       3571   73  68  68 100 100 100 100 100  80  80  80  80  80  80  80  80
  4096    cost     32471     54.6    102.4    86.3       1097       1910   69  64  64 100 100 100 100 100  80  80  80  80  80  80  80  80
  8192    fcfs     36563    156.8    387.4    86.3       2835       6755   77  72  72  99  99  99  99  99  80  80  80  80  80  80  80  80
  8192    cost     32471     54.6    102.4    86.3       1097       1910   69  64  64 100 100 100 100 100  80  80  80  80  80  80  80  80
split=[1, 1, 4, 5, 5, 4, 4, 4, 4, 4, 4, 4, 4, 4, 4, 4]
     W  policy     tok/s  fwd p50  fwd p99  fill % hot p50 ms hot p99 ms  stage utilisation
  4096    fcfs     26949     95.0    266.1    86.3       1784       4693   57  53 100  78  78  62  62  62  62  62  62  62  62  62  62  62
  4096    cost     26072     74.4    138.6    86.3       1434       2526   56  52 100  80  80  64  64  64  64  64  64  64  64  64  64  64
  8192    fcfs     27679    187.5    510.8    86.3       3357       8853   59  54 100  75  75  60  60  60  60  60  60  60  60  60  60  60
  8192    cost     26072     74.4    138.6    86.3       1434       2526   56  52 100  80  80  64  64  64  64  64  64  64  64  64  64  64
split=[3, 3, 4, 4, 4, 4, 4, 4, 4, 4, 4, 4, 4, 4, 3, 3]
     W  policy     tok/s  fwd p50  fwd p99  fill % hot p50 ms hot p99 ms  stage utilisation
  4096    fcfs     16452    140.1    591.3    86.3       2552      10222  100  28  38  38  38  38  38  38  38  38  38  38  38  38  28  28
  4096    cost     16421     89.0    303.3    86.3       1682       5326  100  30  40  40  40  40  40  40  40  40  40  40  40  40  30  30
  8192    fcfs     16480    288.2   1144.2    86.3       5069      19621  100  27  36  36  36  36  36  36  36  36  36  36  36  36  27  27
  8192    cost     16421     89.0    303.3    86.3       1682       5326  100  30  40  40  40  40  40  40  40  40  40  40  40  40  30  30
