stages=16 pipelines=1 hop=15.0 ms prefill requests=3613 useful tokens=19,624,571 work tokens=23,207,900 (recompute 15.4%) budget_ms=75.0
split=[4, 4, 4, 4, 4, 4, 4, 4, 4, 4, 4, 4, 3, 3, 3, 3]
     W  policy     tok/s  fwd p50  fwd p99  fill % hot p50 ms hot p99 ms  stage utilisation
  4096    fcfs     15028    157.0    615.1    86.3       2894      10682  100  35  35  35  35  35  35  35  35  35  35  35  26  26  26  26
  4096    cost     14891     91.0    314.7    86.3       1772       5576  100  37  37  37  37  37  37  37  37  37  37  37  28  28  28  28
  8192    fcfs     15126    320.0   1187.7    86.3       5665      20416  100  33  33  33  33  33  33  33  33  33  33  33  25  25  25  25
  8192    cost     14891     91.0    314.7    86.3       1772       5576  100  37  37  37  37  37  37  37  37  37  37  37  28  28  28  28
split=[3, 4, 4, 4, 4, 4, 4, 4, 4, 4, 4, 4, 4, 3, 3, 3]
     W  policy     tok/s  fwd p50  fwd p99  fill % hot p50 ms hot p99 ms  stage utilisation
  4096    fcfs     16452    140.1    591.3    86.3       2607      10277  100  38  38  38  38  38  38  38  38  38  38  38  38  28  28  28
  4096    cost     16419     87.7    302.7    86.3       1717       5370  100  40  40  40  40  40  40  40  40  40  40  40  40  30  30  30
  8192    fcfs     16479    288.2   1144.2    86.3       5124      19676  100  36  36  36  36  36  36  36  36  36  36  36  36  27  27  27
  8192    cost     16419     87.7    302.7    86.3       1717       5370  100  40  40  40  40  40  40  40  40  40  40  40  40  30  30  30
split=[2, 1, 5, 4, 4, 4, 4, 4, 4, 4, 4, 4, 4, 4, 4, 4]
     W  policy     tok/s  fwd p50  fwd p99  fill % hot p50 ms hot p99 ms  stage utilisation
  4096    fcfs     24338     94.9    395.7    86.3       1839       6952  100  48  70  56  56  56  56  56  56  56  56  56  56  56  56  56
  4096    cost     24241     65.1    201.7    86.3       1332       3654  100  48  76  61  61  61  61  61  61  61  61  61  61  61  61  61
  8192    fcfs     24379    195.1    765.8    86.3       3542      13243  100  48  66  53  53  53  53  53  53  53  53  53  53  53  53  53
  8192    cost     24241     65.1    201.7    86.3       1332       3654  100  48  76  61  61  61  61  61  61  61  61  61  61  61  61  61
split=[1, 2, 5, 4, 4, 4, 4, 4, 4, 4, 4, 4, 4, 4, 4, 4]
     W  policy     tok/s  fwd p50  fwd p99  fill % hot p50 ms hot p99 ms  stage utilisation
  4096    fcfs     25253     90.4    391.2    86.3       1762       6876   54 100  73  58  58  58  58  58  58  58  58  58  58  58  58  58
  4096    cost     25147     62.8    199.4    86.3       1293       3616   54 100  79  63  63  63  63  63  63  63  63  63  63  63  63  63
  8192    fcfs     25298    186.1    756.8    86.3       3389      13090   54 100  69  55  55  55  55  55  55  55  55  55  55  55  55  55
  8192    cost     25147     62.8    199.4    86.3       1293       3616   54 100  79  63  63  63  63  63  63  63  63  63  63  63  63  63
split=[1, 1, 1, 5, 5, 5, 5, 5, 4, 4, 4, 4, 4, 4, 4, 4]
     W  policy     tok/s  fwd p50  fwd p99  fill % hot p50 ms hot p99 ms  stage utilisation
  4096    fcfs     34583     83.1    200.1    86.3       1638       3627   73  68  68 100 100 100 100 100  80  80  80  80  80  80  80  80
  4096    cost     31744     48.9    102.0    86.3       1057       1959   68  63  63 100 100 100 100 100  80  80  80  80  80  80  80  80
  8192    fcfs     36559    156.8    387.4    86.3       2890       6811   77  72  72  99  99  99  99  99  80  80  80  80  80  80  80  80
  8192    cost     31744     48.9    102.0    86.3       1057       1959   68  63  63 100 100 100 100 100  80  80  80  80  80  80  80  80
split=[1, 1, 4, 5, 5, 4, 4, 4, 4, 4, 4, 4, 4, 4, 4, 4]
     W  policy     tok/s  fwd p50  fwd p99  fill % hot p50 ms hot p99 ms  stage utilisation
  4096    fcfs     26947     95.0    266.1    86.3       1840       4748   57  53 100  78  78  62  62  62  62  62  62  62  62  62  62  62
  4096    cost     25806     60.4    138.1    86.3       1252       2573   55  51 100  81  81  65  65  65  65  65  65  65  65  65  65  65
  8192    fcfs     27677    187.5    510.8    86.3       3413       8908   59  54 100  75  75  60  60  60  60  60  60  60  60  60  60  60
  8192    cost     25806     60.4    138.1    86.3       1252       2573   55  51 100  81  81  65  65  65  65  65  65  65  65  65  65  65
split=[3, 3, 4, 4, 4, 4, 4, 4, 4, 4, 4, 4, 4, 4, 3, 3]
     W  policy     tok/s  fwd p50  fwd p99  fill % hot p50 ms hot p99 ms  stage utilisation
  4096    fcfs     16452    140.1    591.3    86.3       2607      10277  100  28  38  38  38  38  38  38  38  38  38  38  38  38  28  28
  4096    cost     16419     87.7    302.7    86.3       1717       5370  100  30  40  40  40  40  40  40  40  40  40  40  40  40  30  30
  8192    fcfs     16479    288.2   1144.2    86.3       5124      19676  100  27  36  36  36  36  36  36  36  36  36  36  36  36  27  27
  8192    cost     16419     87.7    302.7    86.3       1717       5370  100  30  40  40  40  40  40  40  40  40  40  40  40  40  30  30
