# per-core *-KERNEL span maps, idea positional_work_skew, WH B0 n150 8x8, [1,1,32,16384]
# raw profile_log_device.csv deleted after analysis (26-34 MB each)

############### baseline (run 44032, dev_focus2) ###############

================ run host ID 44032 ================

--- NCRISC: 64 cores | duration mean 5424 max 7875 (1.45x) | start spread 213 | end spread 5096 | wall(end max) 7941

  NCRISC DURATION ns
             0       1       2       3       4       5       6       7
  y=0      7133    7167    7006    6861    7415    7131    7308    7256
  y=1      7823    7852    7875    7576    7771    7485    7477    7308
  y=2      7226    7124    7091    7549    7456    7449    7456    7173
  y=3      6230    6078    6023    5294    5690    5626    5532    6585
  y=4      5229    5268    5179    5172    4194    4331    4337    4232
  y=5      4443    4469    4359    4221    3892    3759    3754    3866
  y=6      3884    3984    3940    3810    3438    3386    3281    3155
  y=7      3009    2766    2910    3098    3107    2984    2926    2708

  NCRISC START ns (rel)
             0       1       2       3       4       5       6       7
  y=0        91      38       0      44      70     105      86     111
  y=1       118      70      35      13      47      91      97     106
  y=2       120      41      41      23     101     111      95     125
  y=3       140      85      89      48     102      76     127     133
  y=4       135      53      51     113     130     116     133     145
  y=5       178     123      89     128     115      81     151     171
  y=6       213      73     108     112     108     146     129     180
  y=7       191      79     122     126     145     139     172     179

  NCRISC END ns (rel)
             0       1       2       3       4       5       6       7
  y=0      7224    7205    7006    6905    7485    7236    7394    7367
  y=1      7941    7922    7910    7589    7818    7576    7574    7414
  y=2      7346    7165    7132    7572    7557    7560    7551    7298
  y=3      6370    6163    6112    5342    5792    5702    5659    6718
  y=4      5364    5321    5230    5285    4324    4447    4470    4377
  y=5      4621    4592    4448    4349    4007    3840    3905    4037
  y=6      4097    4057    4048    3922    3546    3532    3410    3335
  y=7      3200    2845    3032    3224    3252    3123    3098    2887
    corr(duration, grid_row) = -0.95   corr(duration, grid_col) = -0.08
    corr(duration, start)    = -0.60

--- BRISC: 64 cores | duration mean 9939 max 12311 (1.24x) | start spread 210 | end spread 7261 | wall(end max) 12447

  BRISC DURATION ns
             0       1       2       3       4       5       6       7
  y=0      9562   10554   10130   10555   10477   10782   10519    9938
  y=1     10742   11239   11086   11313   11308   10989   11380   10147
  y=2     11045   11290   11421   11727   11825   11440   11896   10539
  y=3      9051   10629   10213    7861   11877    9828   11773   10179
  y=4      8482    8921    9314   11383    9241    9067   12166    7837
  y=5      8671    9913   11420    9560   12063   11052   12168    8099
  y=6      6658    6424    9010   11660   12200   11571   12311    7844
  y=7      5170    5109    5523    6356    7285    8688   11563    6041

  BRISC START ns (rel)
             0       1       2       3       4       5       6       7
  y=0        88      37       0      41      70     101      93     109
  y=1       113      65      39      16      43      91      94     101
  y=2       118      43      47      31      95     111      91     122
  y=3       139      84      87      40      99      71     125     132
  y=4       130      52      59     105     122     106     128     148
  y=5       175     117      96     118     112      79     148     166
  y=6       210      72     107     110     105     153     136     176
  y=7       189      77     119     126     145     136     167     176

  BRISC END ns (rel)
             0       1       2       3       4       5       6       7
  y=0      9650   10591   10130   10596   10547   10883   10612   10047
  y=1     10855   11304   11125   11329   11351   11080   11474   10248
  y=2     11163   11333   11468   11758   11920   11551   11987   10661
  y=3      9190   10713   10300    7901   11976    9899   11898   10311
  y=4      8612    8973    9373   11488    9363    9173   12294    7985
  y=5      8846   10030   11516    9678   12175   11131   12316    8265
  y=6      6868    6496    9117   11770   12305   11724   12447    8020
  y=7      5359    5186    5642    6482    7430    8824   11730    6217
    corr(duration, grid_row) = -0.49   corr(duration, grid_col) = +0.23
    corr(duration, start)    = -0.34

  marker budget: worst (core,RISC) = (1, 1) BRISC at 10/250

############### grad_full = NCRISC-equalizing ladder (run 40960, dev_focus2) ###############

================ run host ID 40960 ================

--- NCRISC: 64 cores | duration mean 5336 max 6946 (1.30x) | start spread 514 | end spread 3352 | wall(end max) 7030

  NCRISC DURATION ns
             0       1       2       3       4       5       6       7
  y=0      6598    6814    6715    6548    5998    5824    6002    6009
  y=1      6946    6946    6868    6681    5791    6245    6068    6005
  y=2      6554    6531    6277    6245    5692    5700    5700    5704
  y=3      5820    6041    5937    5671    5013    5152    5056    5228
  y=4      5360    5355    5323    5232    4777    4717    4670    4589
  y=5      5314    5296    5187    5166    5002    4973    4527    4211
  y=6      4977    4835    4843    4416    4318    4270    4037    3696
  y=7      4277    4256    4197    3983    4317    4031    3804    3200

  NCRISC START ns (rel)
             0       1       2       3       4       5       6       7
  y=0        96      82     154     143     129     120     125     116
  y=1        84      69     147     131     118     111     116     100
  y=2        74      56     137     126     109     100     102      93
  y=3        62      39     126     111      92      91      88      90
  y=4        39      28     110      91      66      72      68      54
  y=5        28      13      90      74      58      58      53      45
  y=6        20       0      81      73      47      52      52      36
  y=7       514     402     407     396     458     474     459     478

  NCRISC END ns (rel)
             0       1       2       3       4       5       6       7
  y=0      6694    6896    6869    6691    6127    5944    6127    6125
  y=1      7030    7015    7015    6812    5909    6356    6184    6105
  y=2      6628    6587    6414    6371    5801    5800    5802    5797
  y=3      5882    6080    6063    5782    5105    5243    5144    5318
  y=4      5399    5383    5433    5323    4843    4789    4738    4643
  y=5      5342    5309    5277    5240    5060    5031    4580    4256
  y=6      4997    4835    4924    4489    4365    4322    4089    3732
  y=7      4791    4658    4604    4379    4775    4505    4263    3678
    corr(duration, grid_row) = -0.89   corr(duration, grid_col) = -0.36
    corr(duration, start)    = -0.40

--- BRISC: 64 cores | duration mean 10209 max 12582 (1.23x) | start spread 519 | end spread 5537 | wall(end max) 12944

  BRISC DURATION ns
             0       1       2       3       4       5       6       7
  y=0      8537    8415    8933    8923    8663    8160    8182    7842
  y=1      9495    9607    9263    9857    8885    8819    8979    8228
  y=2      9600    9568    9336   10366    9954    9227    9633    7580
  y=3      9999    9705    9835   10516    9987   10251    9750    7338
  y=4     10595   10149   10683   11280   10464   10724   10508    7654
  y=5     11628   10836   11932   12164   11806   12244   11820    8648
  y=6     12404   11599   12582   12336   12251   11505   11410    8635
  y=7     12051   11745   12531   12388   12393   12249   12078    8637

  BRISC START ns (rel)
             0       1       2       3       4       5       6       7
  y=0        86      81     153     133     145     136     115     108
  y=1       100      59     163     147     116     127     108      98
  y=2        73      55     135     115     101      98     118     109
  y=3        51      55     115      99      80      79      76      69
  y=4        43      16      97      80      66      60      72      54
  y=5        27       9      89      73      57      54      52      44
  y=6        19       0      82      62      47      41      41      36
  y=7       519     410     413     401     461     481     465     489

  BRISC END ns (rel)
             0       1       2       3       4       5       6       7
  y=0      8623    8496    9086    9056    8808    8296    8297    7950
  y=1      9595    9666    9426   10004    9001    8946    9087    8326
  y=2      9673    9623    9471   10481   10055    9325    9751    7689
  y=3     10050    9760    9950   10615   10067   10330    9826    7407
  y=4     10638   10165   10780   11360   10530   10784   10580    7708
  y=5     11655   10845   12021   12237   11863   12298   11872    8692
  y=6     12423   11599   12664   12398   12298   11546   11451    8671
  y=7     12570   12155   12944   12789   12854   12730   12543    9126
    corr(duration, grid_row) = +0.77   corr(duration, grid_col) = -0.33
    corr(duration, start)    = +0.25

  marker budget: worst (core,RISC) = (1, 1) BRISC at 10/250

############### grad_brisc = BRISC-equalizing ladder (run 40960-equivalent, dev_focus3) ###############

================ run host ID 43008 ================

--- NCRISC: 64 cores | duration mean 5322 max 7270 (1.37x) | start spread 511 | end spread 4051 | wall(end max) 7354

  NCRISC DURATION ns
             0       1       2       3       4       5       6       7
  y=0      6367    6208    6138    6197    6560    6558    6671    6675
  y=1      7270    7269    7172    6939    7128    6930    6823    6618
  y=2      6729    6691    6633    6925    6889    6877    6697    6681
  y=3      6425    6116    5845    5616    5557    5404    5273    6431
  y=4      5366    5346    5219    5178    4823    4766    4559    4420
  y=5      4918    4896    4798    4441    3799    3748    3962    4197
  y=6      4324    4131    4196    4265    3650    3444    3377    3269
  y=7      3560    3483    3592    3698    3577    3189    3223    2892

  NCRISC START ns (rel)
             0       1       2       3       4       5       6       7
  y=0        95      86     152     137     126     123     120     107
  y=1        84      63     149     128     116     106     113     105
  y=2        77      58     140     119     101      97      99      89
  y=3        57      36     121     106      81      86      83      71
  y=4        33      16     110      92      70      69      67      54
  y=5        29      16      95      79      66      57      51      55
  y=6        21       0      84      68      50      48      48      34
  y=7       511     399     464     473     502     468     491     497

  NCRISC END ns (rel)
             0       1       2       3       4       5       6       7
  y=0      6462    6294    6290    6334    6686    6681    6791    6782
  y=1      7354    7332    7321    7067    7244    7036    6936    6723
  y=2      6806    6749    6773    7044    6990    6974    6796    6770
  y=3      6482    6152    5966    5722    5638    5490    5356    6502
  y=4      5399    5362    5329    5270    4893    4835    4626    4474
  y=5      4947    4912    4893    4520    3865    3805    4013    4252
  y=6      4345    4131    4280    4333    3700    3492    3425    3303
  y=7      4071    3882    4056    4171    4079    3657    3714    3389
    corr(duration, grid_row) = -0.92   corr(duration, grid_col) = -0.14
    corr(duration, start)    = -0.40

--- BRISC: 64 cores | duration mean 10493 max 12592 (1.20x) | start spread 528 | end spread 6914 | wall(end max) 12968

  BRISC DURATION ns
             0       1       2       3       4       5       6       7
  y=0      8940    8893    8577    8922    9137   10342    8912    8856
  y=1     10327   10196   10112   10419   10654   11060   10518    9556
  y=2     10340   10586   10226   10593   11246   11975   11073    9750
  y=3     11007   10883    9762   10655    9990   12087   10483    9689
  y=4     10754   11603   10914   11440   11727   12592   10835    7567
  y=5     11335   11684   11300   12074   10189   10679   10247    7708
  y=6     12087   11768   11848   12342   11898   12144    6014    6181
  y=7     11542   11349   11365   12137   11917   12488   10986    7085

  BRISC START ns (rel)
             0       1       2       3       4       5       6       7
  y=0        91      82     164     146     135     119     122     112
  y=1        86      69     146     134     128     118     109     101
  y=2        82      55     136     128     107     109     105     102
  y=3        54      42     118     102      93      83      85      77
  y=4        65      18      97      81      61      59      58      48
  y=5        35       6      86      69      53      63      83      42
  y=6        13       0      76      60      42      40      40      35
  y=7       528     420     480     491     520     480     507     515

  BRISC END ns (rel)
             0       1       2       3       4       5       6       7
  y=0      9031    8975    8741    9068    9272   10461    9034    8968
  y=1     10413   10265   10258   10553   10782   11178   10627    9657
  y=2     10422   10641   10362   10721   11353   12084   11178    9852
  y=3     11061   10925    9880   10757   10083   12170   10568    9766
  y=4     10819   11621   11011   11521   11788   12651   10893    7615
  y=5     11370   11690   11386   12143   10242   10742   10330    7750
  y=6     12100   11768   11924   12402   11940   12184    6054    6216
  y=7     12070   11769   11845   12628   12437   12968   11493    7600
    corr(duration, grid_row) = +0.29   corr(duration, grid_col) = -0.36
    corr(duration, start)    = +0.10

  marker budget: worst (core,RISC) = (1, 1) BRISC at 10/250
