
=== attention_focus [1, 1, 32, 16384]  (2.097 MB moved) ===
mode              median ns    GB/s  vs base  cores spread  reps (sorted)
baseline              12660   165.7   1.000x   [64]   9.7%  [12030, 12215, 12303, 12350, 12660, 12974, 13028, 13080, 13259]
uniform8              12590   166.6   1.006x   [64]  11.0%  [12177, 12297, 12402, 12422, 12590, 12610, 12712, 12801, 13560]
half97                12589   166.6   1.006x   [64]   6.2%  [12310, 12455, 12457, 12538, 12589, 12639, 12779, 12927, 13092]
grad_brisc            13414   156.3   0.944x   [64]  13.3%  [12556, 12969, 13214, 13314, 13414, 13437, 13444, 14154, 14340]
grad_brisc_rev        12906   162.5   0.981x   [64]   8.4%  [12366, 12404, 12607, 12816, 12906, 12947, 13007, 13356, 13453]
edge98                12680   165.4   0.998x   [64]   5.7%  [12325, 12409, 12500, 12637, 12680, 12696, 12980, 12990, 13054]
edge98_rev            12464   168.3   1.016x   [64]   5.7%  [12315, 12351, 12380, 12421, 12464, 12523, 12655, 12799, 13027]
