
=== attention_focus [1, 1, 32, 16384]  (2.097 MB moved) ===
mode              median ns    GB/s  vs base  cores spread  reps (sorted)
baseline              12703   165.1   1.000x   [64]   5.4%  [12265, 12351, 12372, 12703, 12788, 12950, 12957]
uniform8              12695   165.2   1.001x   [64]   5.4%  [12198, 12311, 12575, 12695, 12771, 12812, 12887]
half97                12444   168.5   1.021x   [64]   4.3%  [12115, 12138, 12437, 12444, 12504, 12644, 12646]
half97_rev            12307   170.4   1.032x   [64]   8.4%  [11749, 12173, 12243, 12307, 12326, 12459, 12782]
half106               12711   165.0   0.999x   [64]   3.8%  [12511, 12529, 12703, 12711, 12803, 12823, 12991]
half106_rev           12481   168.0   1.018x   [64]   5.1%  [12182, 12257, 12439, 12481, 12549, 12573, 12819]
grad_soft             12647   165.8   1.004x   [64]   4.5%  [12358, 12414, 12533, 12647, 12819, 12836, 12932]
grad_soft_rev         12387   169.3   1.026x   [64]   3.4%  [12175, 12265, 12301, 12387, 12430, 12452, 12595]
grad_full             13372   156.8   0.950x   [64]   8.0%  [12947, 13021, 13189, 13372, 13491, 13759, 14022]
grad_full_rev         12677   165.4   1.002x   [64]   4.4%  [12487, 12637, 12646, 12677, 12815, 12973, 13048]
checker97             12825   163.5   0.990x   [64]   8.6%  [12467, 12695, 12773, 12825, 13077, 13281, 13568]
