devices 8; per-device op sum ms min/median/max 480.2/483.9/486.3
clock GHz median 1.150 (min 1.150, max 1.150)

slowest device 1.0: 486.3 ms, 161 ops
                          sum  count      %
cls
conv3d                 359.70     42  73.96
layout                  46.63     18   9.59
norm                    45.72     37   9.40
eltwise                 22.56     21   4.64
halo/neighbor-pad CCL    8.93     42   1.84
other                    2.78      1   0.57

                                          sum  count   mean
OP CODE
Conv3dDeviceOperation                 359.701     42  8.564
LayerNormDeviceOperation               45.723     37  1.236
PermuteDeviceOperation                 28.800      5  5.760
BinaryNgDeviceOperation                21.490     20  1.075
ReshapeViewDeviceOperation             16.671      5  3.334
NpHaloDeviceOperation                   8.934     42  0.213
RgbToYuvDeviceOperation                 2.779      1  2.779
SliceDeviceOperation                    1.083      3  0.361
UnaryDeviceOperation                    1.066      1  1.066
TilizeWithValPaddingDeviceOperation     0.040      2  0.020
UntilizeWithUnpaddingDeviceOperation    0.027      2  0.013
TypecastDeviceOperation                 0.013      1  0.013

conv3d per layer (42 ops; ms over chips; %HiFi4 = chip FLOP / (ms_max x 1024 FLOP/cyc/core x cores x clk))
 k        layer       in_THWC   out_THW  Cin  Cout blk_T blk_H blk_W blk_Cout blk_Cin fidelity  gflop_chip  ms_min  ms_med  ms_max  pct_hifi4  halo_ms_max
 0      conv_in    19x9x8x128    19x9x8  128  1024     7     8     4      128      64    HiFi2        9.68    0.29    0.31    0.32      21.65         0.06
 1 res1024.0.c1   19x9x8x1024    19x9x8 1024  1024     5     4     8       64     128    HiFi2       77.46    2.19    2.26    2.29      23.93         0.08
 2 res1024.0.c2   19x9x8x1024    19x9x8 1024  1024     5     4     8       64     128    HiFi2       77.46    2.19    2.26    2.28      24.00         0.13
 3 res1024.1.c1   19x9x8x1024    19x9x8 1024  1024     5     4     8       64     128    HiFi2       77.46    2.20    2.25    2.27      24.10         0.07
 4 res1024.1.c2   19x9x8x1024    19x9x8 1024  1024     5     4     8       64     128    HiFi2       77.46    2.19    2.25    2.28      24.02         0.11
 5     up_all/2   19x9x8x1024    19x9x8 1024  4096     5     4     8       64     128    HiFi2      309.84    5.82    6.23    6.40      34.26         0.13
 6 res512a.0.c1  37x18x16x512  37x18x16  512   512     1     4     8      256      64    HiFi2      150.84    2.20    2.50    2.66      40.13         0.08
 7 res512a.0.c2  37x18x16x512  37x18x16  512   512     1     4     8      256      64    HiFi2      150.84    2.23    2.49    2.64      40.40         0.52
 8 res512a.1.c1  37x18x16x512  37x18x16  512   512     1     4     8      256      64    HiFi2      150.84    2.20    2.44    2.61      40.82         0.47
 9 res512a.1.c2  37x18x16x512  37x18x16  512   512     1     4     8      256      64    HiFi2      150.84    2.21    2.46    2.60      41.13         0.46
10    up_all_x1  37x18x16x512  37x18x16  512  4096     5     4     8       64     128    HiFi2     1206.75   21.48   22.37   23.05      37.04         0.43
11 res512b.0.c1  73x36x32x512  73x36x32  512   512     1     8     4      256      64    HiFi2     1190.44   13.69   14.66   15.22      55.35         0.18
12 res512b.0.c2  73x36x32x512  73x36x32  512   512     1     8     4      256      64    HiFi2     1190.44   13.62   14.64   15.54      54.21         1.71
13 res512b.1.c1  73x36x32x512  73x36x32  512   512     1     8     4      256      64    HiFi2     1190.44   13.42   14.76   15.42      54.64         2.13
14 res512b.1.c2  73x36x32x512  73x36x32  512   512     1     8     4      256      64    HiFi2     1190.44   13.77   14.68   15.50      54.34         2.15
15 res512b.2.c1  73x36x32x512  73x36x32  512   512     1     8     4      256      64    HiFi2     1190.44   13.58   14.78   15.59      54.05         1.48
16 res512b.2.c2  73x36x32x512  73x36x32  512   512     1     8     4      256      64    HiFi2     1190.44   13.53   14.78   15.39      54.75         2.35
17 res512b.3.c1  73x36x32x512  73x36x32  512   512     1     8     4      256      64    HiFi2     1190.44   13.65   14.74   15.26      55.22         2.48
18 res512b.3.c2  73x36x32x512  73x36x32  512   512     1     8     4      256      64    HiFi2     1190.44   13.34   14.80   15.30      55.06         1.77
19      up_time  73x36x32x512  73x36x32  512   512     1     8     4      256      64    HiFi2     1190.44   13.45   14.71   15.31      55.01         1.97
20  res256.0.c1 145x36x32x256 145x36x32  256   256     1     8     4      256      64    HiFi2      591.15    5.60    6.43    6.97      59.98         0.27
21  res256.0.c2 145x36x32x256 145x36x32  256   256     1     8     4      256      64    HiFi2      591.15    5.58    6.36    6.92      60.48         1.57
22  res256.1.c1 145x36x32x256 145x36x32  256   256     1     8     4      256      64    HiFi2      591.15    5.63    6.39    6.98      59.94         1.62
23  res256.1.c2 145x36x32x256 145x36x32  256   256     1     8     4      256      64    HiFi2      591.15    5.58    6.41    6.93      60.36         1.47
24  res256.2.c1 145x36x32x256 145x36x32  256   256     1     8     4      256      64    HiFi2      591.15    5.57    6.44    6.96      60.14         1.55
25  res256.2.c2 145x36x32x256 145x36x32  256   256     1     8     4      256      64    HiFi2      591.15    5.45    6.45    6.97      59.98         1.64
26  res256.3.c1 145x36x32x256 145x36x32  256   256     1     8     4      256      64    HiFi2      591.15    5.47    6.36    6.88      60.77         1.75
27  res256.3.c2 145x36x32x256 145x36x32  256   256     1     8     4      256      64    HiFi2      591.15    5.72    6.38    6.93      60.33         1.67
28  res256.4.c1 145x36x32x256 145x36x32  256   256     1     8     4      256      64    HiFi2      591.15    5.42    6.38    7.01      59.64         1.39
29  res256.4.c2 145x36x32x256 145x36x32  256   256     1     8     4      256      64    HiFi2      591.15    5.36    6.41    6.96      60.09         1.63
30  res256.5.c1 145x36x32x256 145x36x32  256   256     1     8     4      256      64    HiFi2      591.15    5.57    6.45    6.89      60.70         2.01
31  res256.5.c2 145x36x32x256 145x36x32  256   256     1     8     4      256      64    HiFi2      591.15    5.68    6.35    6.93      60.40         1.56
32     up_space 145x36x32x256 145x36x32  256   512     1     8     4      256      64    HiFi2     1182.29   10.71   12.47   13.59      61.58         1.47
33  res128.0.c1 145x72x64x128 145x72x64  128   128     6     2    16       64     128    HiFi2      591.15    7.07    8.61    8.91      46.96         0.33
34  res128.0.c2 145x72x64x128 145x72x64  128   128     6     2    16       64     128    HiFi2      591.15    7.09    8.59    8.93      46.83         2.15
35  res128.1.c1 145x72x64x128 145x72x64  128   128     6     2    16       64     128    HiFi2      591.15    7.09    8.53    8.91      46.94         2.29
36  res128.1.c2 145x72x64x128 145x72x64  128   128     6     2    16       64     128    HiFi2      591.15    7.07    8.58    8.95      46.74         2.35
37  res128.2.c1 145x72x64x128 145x72x64  128   128     6     2    16       64     128    HiFi2      591.15    7.08    8.51    8.94      46.80         2.09
38  res128.2.c2 145x72x64x128 145x72x64  128   128     6     2    16       64     128    HiFi2      591.15    7.14    8.52    8.88      47.09         1.89
39  res128.3.c1 145x72x64x128 145x72x64  128   128     6     2    16       64     128    HiFi2      591.15    7.10    8.66    8.94      46.80         2.07
40  res128.3.c2 145x72x64x128 145x72x64  128   128     6     2    16       64     128    HiFi2      591.15    7.08    8.63    8.88      47.12         2.36
41     conv_out 145x72x64x128 145x72x64  128    48     6     2    16       64     128    HiFi2      221.68    3.69    4.23    4.54      34.54         2.21

conv3d sum of per-layer max 360.7 ms, 26.38 TFLOP/chip, weighted %HiFi4 51.7
halo per chip: ops 42, ms min/median/max 8.89/23.00/54.36
