== w_w_share_wait: END us (start in parens) ==
                1           2           3           4           5           6          11          12          13          14
y2      9.4( 0.6)  10.5( 0.7)  13.4( 0.6)  14.2( 0.7)  12.2( 0.7)  12.9( 0.7)  25.4( 0.7)  13.1( 0.7)  20.0( 0.7)  18.9( 0.7)
y3      9.2( 0.6)  14.2( 0.6)  12.3( 0.6)   9.4( 0.6)   8.6( 0.6)  10.8( 0.6)  11.1( 0.6)  16.8( 0.6)  18.0( 0.6)  26.2( 0.7)
y4     10.3( 0.6)   9.1( 0.6)  14.1( 0.6)  13.8( 0.6)  14.0( 0.6)  14.9( 0.6)  17.6( 0.6)  25.2( 0.6)  21.0( 0.7)  15.3( 0.7)
y5      5.1( 0.6)   9.3( 0.6)   9.9( 0.6)  13.8( 0.6)  10.2( 0.6)   9.8( 0.6)  23.5( 0.6)  10.2( 0.6)  13.3( 0.7)  19.5( 0.7)
y6     46.8( 0.3)  63.2( 0.3)  62.2( 0.3)  48.5( 0.3)  46.5( 0.3)  43.0( 0.3)  37.1( 0.2)  37.6( 0.2)  32.3( 0.2)  27.2( 0.2)
y7     43.5( 0.3)  48.2( 0.3)  50.1( 0.3)  46.5( 0.3)  42.7( 0.3)  38.8( 0.2)  32.8( 0.2)  34.9( 0.2)  32.1( 0.2)  28.9( 0.2)
y8     34.9( 0.3)  37.0( 0.3)  36.4( 0.3)  35.4( 0.3)  34.1( 0.3)  32.3( 0.2)  21.0( 0.2)  21.0( 0.2)  18.1( 0.2)  14.9( 0.2)
y9     20.8( 0.3)  27.0( 0.3)  28.0( 0.3)  24.9( 0.3)  22.5( 0.3)  17.6( 0.2)  11.2( 0.2)  14.3( 0.2)  12.6( 0.2)  11.3( 0.2)
y10    13.8( 0.3)  23.6( 0.3)  21.1( 0.3)  14.5( 0.3)  13.5( 0.2)  12.0( 0.2)   6.6( 0.2)   8.6( 0.2)   7.5( 0.2)   7.3( 0.2)
y11     6.1( 0.3)   7.5( 0.3)   8.5( 0.3)   8.9( 0.2)   7.5( 0.2)   7.4( 0.2)   6.6( 0.2)   6.3( 0.2)   5.7( 0.2)   5.4( 0.2)
== w_w_recv: END us (start in parens) ==
                1           2           3           4           5           6          11          12          13          14
y2     51.4(15.0)  67.7(15.7)  66.5(18.5)  53.2(19.1)  50.9(16.9)  47.5(18.2)  41.7(30.5)  42.0(18.0)  37.2(25.1)  33.3(23.9)
y3     51.4(14.1)  67.7(19.4)  66.5(17.1)  53.2(14.0)  50.9(13.1)  47.4(15.8)  41.7(16.2)  42.0(21.8)  37.2(22.7)  33.3(30.8)
y4     51.4(17.0)  67.7(14.5)  66.5(19.4)  53.2(18.3)  50.9(18.9)  47.4(20.0)  41.7(22.5)  42.0(30.3)  37.2(25.9)  33.3(20.6)
y5     51.4(10.1)  67.7(16.5)  66.5(15.3)  53.2(20.1)  50.9(14.9)  47.4(14.7)  41.7(28.6)  42.0(15.6)  37.2(18.1)  33.3(24.8)
y6     51.7(51.6)  68.0(67.8)  66.8(66.7)  53.4(53.3)  51.2(51.0)  47.7(47.6)  41.9(41.8)  42.3(42.1)  37.4(37.3)  33.3(31.7)
y7     51.5(48.2)  67.8(52.7)  66.6(55.0)  53.2(51.3)  50.9(47.3)  47.5(43.3)  41.7(37.4)  42.1(39.4)  37.3(36.6)  33.5(33.4)
y8     51.5(39.6)  67.7(41.6)  66.6(41.1)  53.2(39.9)  50.9(38.9)  47.5(36.9)  41.7(25.6)  42.1(25.6)  37.2(22.7)  33.3(19.7)
y9     51.5(25.3)  67.7(31.5)  66.6(32.5)  53.2(29.5)  50.9(27.0)  47.5(22.3)  41.7(16.0)  42.1(18.8)  37.2(17.1)  33.3(15.9)
y10    51.5(18.5)  67.7(28.2)  66.6(25.7)  53.2(19.2)  50.9(18.2)  47.5(16.5)  41.7(11.7)  42.0(13.2)  37.2(12.1)  33.3(11.8)
y11    51.5(10.7)  67.7(12.1)  66.6(13.0)  53.2(13.5)  50.9(12.0)  47.5(11.9)  41.7(11.5)  42.0(10.9)  37.2(10.1)  33.3( 9.9)
