== w_w_share_wait: END us (start in parens) ==
                1           2           3           4           5           6          11          12          13          14
y2      6.4( 0.7)  10.7( 0.7)  11.2( 0.6)  13.9( 0.7)   8.9( 0.7)   9.3( 0.7)  21.2( 0.7)   9.0( 0.7)  20.6( 0.7)  20.5( 0.7)
y3      9.6( 0.6)  12.0( 0.5)   7.6( 0.6)   7.7( 0.6)   8.0( 0.6)  10.6( 0.6)  11.8( 0.6)  19.2( 0.6)  16.6( 0.6)  22.5( 0.6)
y4      8.6( 0.5)   6.5( 0.6)  11.8( 0.6)  10.9( 0.6)   8.8( 0.6)  14.4( 0.6)  15.9( 0.7)  22.3( 0.6)  13.5( 0.7)  11.0( 0.7)
y5      5.3( 0.6)   9.2( 0.6)   9.3( 0.6)  14.0( 0.6)   9.5( 0.6)   8.4( 0.6)  18.4( 0.6)   7.2( 0.7)  12.2( 0.6)  20.7( 0.7)
y6     42.1( 0.3)  28.0( 0.3)  30.7( 0.3)  27.0( 0.3)  27.0( 0.3)  33.2( 0.3)  37.3( 0.2)  19.0( 0.2)  16.1( 0.2)  17.2( 0.2)
y7     35.1( 0.3)  49.2( 0.3)  50.8( 0.3)  32.4( 0.3)  30.5( 0.3)  30.5( 0.2)  24.9( 0.2)  20.7( 0.2)  28.0( 0.2)  28.9( 0.2)
y8     35.0( 0.3)  34.3( 0.3)  15.6( 0.3)  17.6( 0.3)  35.0( 0.3)  32.4( 0.2)  18.5( 0.2)  14.9( 0.2)  18.0( 0.2)  14.2( 0.2)
y9     19.4( 0.3)  15.2( 0.3)  21.0( 0.3)  20.5( 0.3)  19.4( 0.2)  17.3( 0.2)  11.4( 0.2)   8.3( 0.2)   6.4( 0.2)   5.0( 0.2)
y10     9.8( 0.3)  16.5( 0.3)  16.8( 0.3)  15.2( 0.3)   7.4( 0.2)   8.6( 0.2)   5.0( 0.2)   5.5( 0.2)   5.9( 0.2)   5.4( 0.2)
y11     5.5( 0.3)   7.5( 0.3)   4.6( 0.3)   5.8( 0.3)   5.3( 0.2)   5.3( 0.2)   3.7( 0.2)   3.5( 0.2)   4.6( 0.2)   3.8( 0.2)
== w_w_recv: END us (start in parens) ==
                1           2           3           4           5           6          11          12          13          14
y2     46.9(11.3)  53.6(15.9)  55.4(16.3)  37.0(18.4)  39.5(14.4)  38.1(14.5)  41.7(26.1)  27.4(14.1)  32.4(25.2)  33.3(25.3)
y3     46.9(14.7)  53.6(17.1)  55.4(12.6)  37.0(12.2)  39.4(12.8)  38.1(15.5)  41.7(16.8)  27.4(24.4)  32.4(21.2)  33.3(27.1)
y4     46.9(13.7)  53.6(11.5)  55.4(17.0)  37.0(15.7)  39.4(13.5)  38.1(19.5)  41.7(20.8)  27.6(27.5)  32.4(18.2)  33.3(15.6)
y5     46.9(10.5)  53.6(14.2)  55.4(14.3)  36.9(19.3)  39.4(15.6)  38.0(13.7)  41.7(23.5)  27.3(12.3)  32.4(16.7)  33.2(28.8)
y6     47.2(47.0)  53.5(32.6)  55.4(35.4)  36.9(31.5)  39.4(31.6)  38.3(38.2)  42.0(41.8)  27.3(23.6)  32.4(20.8)  33.2(21.8)
y7     47.0(43.4)  53.8(53.7)  55.6(55.5)  37.2(37.1)  39.4(35.1)  38.1(35.1)  41.8(29.6)  27.3(25.4)  32.6(32.5)  33.5(33.4)
y8     47.0(39.9)  53.6(39.1)  55.4(20.2)  37.0(22.3)  39.7(39.6)  38.1(37.1)  41.8(23.2)  27.4(19.6)  32.4(22.5)  33.3(18.8)
y9     46.9(24.2)  53.6(19.9)  55.4(25.6)  37.0(25.0)  39.5(24.0)  38.1(22.0)  41.8(16.2)  27.4(12.9)  32.4(11.5)  33.3( 9.5)
y10    46.9(14.5)  53.6(21.0)  55.4(21.4)  37.0(19.8)  39.5(12.0)  38.1(13.3)  41.7( 9.6)  27.4(10.1)  32.4(10.4)  33.3(10.3)
y11    46.9(10.3)  53.6(12.1)  55.4( 9.1)  37.0(10.3)  39.5( 9.8)  38.1( 9.9)  41.7( 8.2)  27.4( 8.0)  32.4( 9.2)  33.3( 8.3)
