split=[8, 8, 8, 8, 7, 7, 7, 7] prefill requests=3613 real tokens=19,624,571
     W  policy     tok/s fwd p50 ms fwd p99 ms  fill %  stage utilisation
  2048    fcfs     17361       79.1      253.1    82.5  100  62  62  62  55  55  55  55
  2048  bucket     17361       79.1      253.1    82.5  100  62  62  62  55  55  55  55
  2048    cost     17361       79.1      253.1    82.5  100  62  62  62  55  55  55  55
  4096    fcfs     18280      154.1      489.2    82.5  100  58  58  58  51  51  51  51
  4096  bucket     18279      149.8      492.5    82.5  100  58  58  58  51  51  51  51
  4096    cost     17477       83.2      253.5    82.5  100  62  62  62  54  54  54  54
  6144    fcfs     18605      229.2      721.1    82.5  100  57  57  57  50  50  50  50
  6144  bucket     18608      220.4      728.1    82.5  100  57  57  57  50  50  50  50
  6144    cost     17877      115.4      255.8    82.5  100  60  60  60  53  53  53  53
  8192    fcfs     18771      308.9      949.8    82.5  100  56  56  56  49  49  49  49
  8192  bucket     18772      291.6      949.8    82.5  100  56  56  56  49  49  49  49
  8192    cost     18102      147.8      256.8    82.5  100  59  59  59  52  52  52  52
